 Osu                       SWAT+ 2025-03-13        MODULAR Rev 2025.61.0.2.10-143-ge95f1d9                
  jday   mon   day    yr    unit  gis_id  name                  precip     snofall      snomlt    surq_gen        latq    wateryld        perc          et     ecanopy      eplant       esoil   surq_cont          cn     sw_init    sw_final      sw_ave      sw_300    sno_init   sno_final     snopack         pet       qtile         irr  surq_runon  latq_runon    overbank    surq_cha    surq_res     surq_ls    latq_cha    latq_res     latq_ls     gwsoilq       satex  satex_chan   sw_change     lagsurf     laglatq    lagsatex    wet_evap    wet_oflo    wet_stor   plant_cov       mgt_ops                    
                                                                  mm            mm          mm          mm          mm          mm          mm          mm          mm          mm          mm          mm         ---          mm          mm          mm          mm          mm          mm          mm          mm          mm          mm          mm          mm          mm          mm          mm          mm          mm          mm          mm          mm          mm          mm          mm          mm          mm          mm          mm          mm          mm
   365    12    31  2013       1       1  Osu                 1344.000      52.000      67.387    3457.859       1.630    3459.489     517.053     376.130       0.000       0.000     376.130    3457.628      89.944     157.562     164.506     186.390      88.117      15.388       0.000       0.916     377.477       0.000    3000.000       0.000       0.000       0.000    3457.628       0.000       0.000       1.630       0.000       0.000       0.000       0.000       0.000       6.943    3736.678       5.802       0.000       0.000       0.000       0.000
   365    12    31  2014       1       1  Osu                 1318.000      48.000      47.000    3413.347       1.625    3414.972     520.655     356.378       0.000       0.000     356.378    3413.365      90.302     164.506     189.484     181.887      83.609       0.000       1.000       0.431     356.653       0.000    3000.000       0.000       0.000       0.000    3413.365       0.000       0.000       1.625       0.000       0.000       0.000       0.000       0.000      24.979    3688.576       5.783       0.000       0.000       0.000       0.000
   365    12    31  2015       1       1  Osu                  854.000      44.000      45.000    2940.512       1.622    2942.134     514.314     387.944       0.000       0.000     387.944    2940.712      88.277     189.484     199.884     185.262      87.372       1.000       0.000       0.048     388.127       0.000    3000.000       0.000       0.000       0.000    2940.712       0.000       0.000       1.622       0.000       0.000       0.000       0.000       0.000      10.400    3177.615       5.772       0.000       0.000       0.000       0.000
   366    12    31  2016       1       1  Osu                 1033.000      38.000      38.000    3227.685       1.524    3229.208     491.472     408.775       0.000       0.000     408.775    3227.453      87.165     199.884     103.673     170.218      73.701       0.000       0.000       0.134     409.210       0.000    3000.000       0.000       0.000       0.000    3227.453       0.000       0.000       1.524       0.000       0.000       0.000       0.000       0.000     -96.211    3487.944       5.423       0.000       0.000       0.000       0.000
   365    12    31  2017       1       1  Osu                  689.000      11.000      11.000    2840.965       1.388    2842.354     453.626     399.334       0.000       0.000     399.334    2841.084      89.445     103.673      97.242     143.449      56.599       0.000       0.000       0.031     410.806       0.000    3000.000       0.000       0.000       0.000    2841.084       0.000       0.000       1.388       0.000       0.000       0.000       0.000       0.000      -6.430    3070.042       4.941       0.000       0.000       0.000       0.000
   365    12    31  2018       1       1  Osu                 1360.000      29.000      28.916    3421.119       1.472    3422.591     474.679     421.465       0.000       0.000     421.465    3421.000      88.662      97.242     138.622     162.708      67.940       0.000       0.000       0.044     421.587       0.000    3000.000       0.000       0.000       0.000    3421.000       0.000       0.000       1.472       0.000       0.000       0.000       0.000       0.000      41.380    3696.975       5.240       0.000       0.000       0.000       0.000
   365    12    31  2019       1       1  Osu                 1006.000      12.000      12.000    3131.581       1.490    3133.071     490.897     408.330       0.000       0.000     408.330    3132.064      88.760     138.622     111.842     158.456      63.125       0.000       0.000       0.027     408.336       0.000    3000.000       0.000       0.000       0.000    3132.064       0.000       0.000       1.490       0.000       0.000       0.000       0.000       0.000     -26.780    3384.091       5.301       0.000       0.000       0.000       0.000
   366    12    31  2020       1       1  Osu                 1646.000       6.000       6.000    3781.939       1.512    3783.451     502.103     383.251       0.000       0.000     383.251    3781.553      88.148     111.842      89.426     159.382      62.201       0.000       0.000       0.033     383.355       0.000    3000.000       0.000       0.000       0.000    3781.553       0.000       0.000       1.512       0.000       0.000       0.000       0.000       0.000     -22.417    4086.889       5.382       0.000       0.000       0.000       0.000
   365    12    31  2021       1       1  Osu                 1136.000      12.000      12.000    3237.937       1.424    3239.362     464.161     396.231       0.000       0.000     396.231    3237.839      87.569      89.426     125.767     157.906      63.253       0.000       0.000       0.036     396.275       0.000    3000.000       0.000       0.000       0.000    3237.839       0.000       0.000       1.424       0.000       0.000       0.000       0.000       0.000      36.341    3499.023       5.069       0.000       0.000       0.000       0.000
   365    12    31  2022       1       1  Osu                  782.000      46.000      45.862    2927.473       1.305    2928.778     435.423     423.440       0.000       0.000     423.440    2927.550      88.611     125.767     120.055     142.656      53.772       0.000       0.000       0.275     423.563       0.000    3000.000       0.000       0.000       0.000    2927.550       0.000       0.000       1.305       0.000       0.000       0.000       0.000       0.000      -5.712    3163.525       4.645       0.000       0.000       0.000       0.000
   365    12    31  2023       1       1  Osu                 1804.000       8.000       3.675    3846.945       1.531    3848.476     494.444     379.925       0.000       0.000     379.925    3846.868      89.195     120.055     196.947     163.239      68.554       0.000       4.325       0.047     379.932       0.000    3000.000       0.000       0.000       0.000    3846.868       0.000       0.000       1.531       0.000       0.000       0.000       0.000       0.000      76.892    4157.137       5.448       0.000       0.000       0.000       0.000
