 demo                      SWAT+ May 31 2024        MODULAR Rev 2024.61.3-23-gc46ffba                     
        jday         yr            org_soilc        org_plc       org_resc
                                       kg/ha          kg/ha          kg/ha
         365        1975  basin    8772.261      0.0000000E+00   8428.506    
         365        1975  basin    8772.261      0.0000000E+00   8428.506    
         365        1975  basin    8772.261      0.0000000E+00   8428.506    
         365        1975  basin    8772.261      0.0000000E+00   8428.506    
         365        1975  basin    8772.261      0.0000000E+00   8428.506    
         365        1975  basin    8772.261      0.0000000E+00   8428.506    
         365        1975  basin    8772.261      0.0000000E+00   8428.506    
         365        1975  basin    8772.261      0.0000000E+00   8428.506    
         365        1975  basin    8772.261      0.0000000E+00   8428.506    
         365        1975  basin    8772.261      0.0000000E+00   8428.506    
         365        1975  basin    8772.261      0.0000000E+00   8428.506    
         365        1975  basin    8772.261      0.0000000E+00   8428.506    
         366        1976  basin    12480.98      0.0000000E+00   4725.979    
         366        1976  basin    12480.98      0.0000000E+00   4725.979    
         366        1976  basin    12480.98      0.0000000E+00   4725.979    
         366        1976  basin    12480.98      0.0000000E+00   4725.979    
         366        1976  basin    12480.98      0.0000000E+00   4725.979    
         366        1976  basin    12480.98      0.0000000E+00   4725.979    
         366        1976  basin    12480.98      0.0000000E+00   4725.979    
         366        1976  basin    12480.98      0.0000000E+00   4725.979    
         366        1976  basin    12480.98      0.0000000E+00   4725.979    
         366        1976  basin    12480.98      0.0000000E+00   4725.979    
         366        1976  basin    12480.98      0.0000000E+00   4725.979    
         366        1976  basin    12480.98      0.0000000E+00   4725.979    
         365        1977  basin    15355.79      0.0000000E+00   1855.405    
         365        1977  basin    15355.79      0.0000000E+00   1855.405    
         365        1977  basin    15355.79      0.0000000E+00   1855.405    
         365        1977  basin    15355.79      0.0000000E+00   1855.405    
         365        1977  basin    15355.79      0.0000000E+00   1855.405    
         365        1977  basin    15355.79      0.0000000E+00   1855.405    
         365        1977  basin    15355.79      0.0000000E+00   1855.405    
         365        1977  basin    15355.79      0.0000000E+00   1855.405    
         365        1977  basin    15355.79      0.0000000E+00   1855.405    
         365        1977  basin    15355.79      0.0000000E+00   1855.405    
         365        1977  basin    15355.79      0.0000000E+00   1855.405    
         365        1977  basin    15355.79      0.0000000E+00   1855.405    
         365        1978  basin    16484.15      0.0000000E+00   731.9736    
         365        1978  basin    16484.15      0.0000000E+00   731.9736    
         365        1978  basin    16484.15      0.0000000E+00   731.9736    
         365        1978  basin    16484.15      0.0000000E+00   731.9736    
         365        1978  basin    16484.15      0.0000000E+00   731.9736    
         365        1978  basin    16484.15      0.0000000E+00   731.9736    
         365        1978  basin    16484.15      0.0000000E+00   731.9736    
         365        1978  basin    16484.15      0.0000000E+00   731.9736    
         365        1978  basin    16484.15      0.0000000E+00   731.9736    
         365        1978  basin    16484.15      0.0000000E+00   731.9736    
         365        1978  basin    16484.15      0.0000000E+00   731.9736    
         365        1978  basin    16484.15      0.0000000E+00   731.9736    
         365        1979  basin    16930.62      0.0000000E+00   289.7519    
         365        1979  basin    16930.62      0.0000000E+00   289.7519    
         365        1979  basin    16930.62      0.0000000E+00   289.7519    
         365        1979  basin    16930.62      0.0000000E+00   289.7519    
         365        1979  basin    16930.62      0.0000000E+00   289.7519    
         365        1979  basin    16930.62      0.0000000E+00   289.7519    
         365        1979  basin    16930.62      0.0000000E+00   289.7519    
         365        1979  basin    16930.62      0.0000000E+00   289.7519    
         365        1979  basin    16930.62      0.0000000E+00   289.7519    
         365        1979  basin    16930.62      0.0000000E+00   289.7519    
         365        1979  basin    16930.62      0.0000000E+00   289.7519    
         365        1979  basin    16930.62      0.0000000E+00   289.7519    
         366        1980  basin    17107.76      0.0000000E+00   115.5064    
         366        1980  basin    17107.76      0.0000000E+00   115.5064    
         366        1980  basin    17107.76      0.0000000E+00   115.5064    
         366        1980  basin    17107.76      0.0000000E+00   115.5064    
         366        1980  basin    17107.76      0.0000000E+00   115.5064    
         366        1980  basin    17107.76      0.0000000E+00   115.5064    
         366        1980  basin    17107.76      0.0000000E+00   115.5064    
         366        1980  basin    17107.76      0.0000000E+00   115.5064    
         366        1980  basin    17107.76      0.0000000E+00   115.5064    
         366        1980  basin    17107.76      0.0000000E+00   115.5064    
         366        1980  basin    17107.76      0.0000000E+00   115.5064    
         366        1980  basin    17107.76      0.0000000E+00   115.5064    
         365        1981  basin    17158.81      0.0000000E+00   69.24223    
         365        1981  basin    17158.81      0.0000000E+00   69.24223    
         365        1981  basin    17158.81      0.0000000E+00   69.24223    
         365        1981  basin    17158.81      0.0000000E+00   69.24223    
         365        1981  basin    17158.81      0.0000000E+00   69.24223    
         365        1981  basin    17158.81      0.0000000E+00   69.24223    
         365        1981  basin    17158.81      0.0000000E+00   69.24223    
         365        1981  basin    17158.81      0.0000000E+00   69.24223    
         365        1981  basin    17158.81      0.0000000E+00   69.24223    
         365        1981  basin    17158.81      0.0000000E+00   69.24223    
         365        1981  basin    17158.81      0.0000000E+00   69.24223    
         365        1981  basin    17158.81      0.0000000E+00   69.24223    
         365        1982  basin    17201.72      0.0000000E+00   28.72099    
         365        1982  basin    17201.72      0.0000000E+00   28.72099    
         365        1982  basin    17201.72      0.0000000E+00   28.72099    
         365        1982  basin    17201.72      0.0000000E+00   28.72099    
         365        1982  basin    17201.72      0.0000000E+00   28.72099    
         365        1982  basin    17201.72      0.0000000E+00   28.72099    
         365        1982  basin    17201.72      0.0000000E+00   28.72099    
         365        1982  basin    17201.72      0.0000000E+00   28.72099    
         365        1982  basin    17201.72      0.0000000E+00   28.72099    
         365        1982  basin    17201.72      0.0000000E+00   28.72099    
         365        1982  basin    17201.72      0.0000000E+00   28.72099    
         365        1982  basin    17201.72      0.0000000E+00   28.72099    
         365        1983  basin    17219.45      0.0000000E+00   15.90457    
         365        1983  basin    17219.45      0.0000000E+00   15.90457    
         365        1983  basin    17219.45      0.0000000E+00   15.90457    
         365        1983  basin    17219.45      0.0000000E+00   15.90457    
         365        1983  basin    17219.45      0.0000000E+00   15.90457    
         365        1983  basin    17219.45      0.0000000E+00   15.90457    
         365        1983  basin    17219.45      0.0000000E+00   15.90457    
         365        1983  basin    17219.45      0.0000000E+00   15.90457    
         365        1983  basin    17219.45      0.0000000E+00   15.90457    
         365        1983  basin    17219.45      0.0000000E+00   15.90457    
         365        1983  basin    17219.45      0.0000000E+00   15.90457    
         365        1983  basin    17219.45      0.0000000E+00   15.90457    
         366        1984  basin    17230.59      0.0000000E+00   9.117529    
         366        1984  basin    17230.59      0.0000000E+00   9.117529    
         366        1984  basin    17230.59      0.0000000E+00   9.117529    
         366        1984  basin    17230.59      0.0000000E+00   9.117529    
         366        1984  basin    17230.59      0.0000000E+00   9.117529    
         366        1984  basin    17230.59      0.0000000E+00   9.117529    
         366        1984  basin    17230.59      0.0000000E+00   9.117529    
         366        1984  basin    17230.59      0.0000000E+00   9.117529    
         366        1984  basin    17230.59      0.0000000E+00   9.117529    
         366        1984  basin    17230.59      0.0000000E+00   9.117529    
         366        1984  basin    17230.59      0.0000000E+00   9.117529    
         366        1984  basin    17230.59      0.0000000E+00   9.117529    
         365        1985  basin    17237.24      0.0000000E+00   5.744569    
         365        1985  basin    17237.24      0.0000000E+00   5.744569    
         365        1985  basin    17237.24      0.0000000E+00   5.744569    
         365        1985  basin    17237.24      0.0000000E+00   5.744569    
         365        1985  basin    17237.24      0.0000000E+00   5.744569    
         365        1985  basin    17237.24      0.0000000E+00   5.744569    
         365        1985  basin    17237.24      0.0000000E+00   5.744569    
         365        1985  basin    17237.24      0.0000000E+00   5.744569    
         365        1985  basin    17237.24      0.0000000E+00   5.744569    
         365        1985  basin    17237.24      0.0000000E+00   5.744569    
         365        1985  basin    17237.24      0.0000000E+00   5.744569    
         365        1985  basin    17237.24      0.0000000E+00   5.744569    
         365        1986  basin    17240.02      0.0000000E+00   7.714702    
         365        1986  basin    17240.02      0.0000000E+00   7.714702    
         365        1986  basin    17240.02      0.0000000E+00   7.714702    
         365        1986  basin    17240.02      0.0000000E+00   7.714702    
         365        1986  basin    17240.02      0.0000000E+00   7.714702    
         365        1986  basin    17240.02      0.0000000E+00   7.714702    
         365        1986  basin    17240.02      0.0000000E+00   7.714702    
         365        1986  basin    17240.02      0.0000000E+00   7.714702    
         365        1986  basin    17240.02      0.0000000E+00   7.714702    
         365        1986  basin    17240.02      0.0000000E+00   7.714702    
         365        1986  basin    17240.02      0.0000000E+00   7.714702    
         365        1986  basin    17240.02      0.0000000E+00   7.714702    
         365        1987  basin    17245.57      0.0000000E+00   4.693867    
         365        1987  basin    17245.57      0.0000000E+00   4.693867    
         365        1987  basin    17245.57      0.0000000E+00   4.693867    
         365        1987  basin    17245.57      0.0000000E+00   4.693867    
         365        1987  basin    17245.57      0.0000000E+00   4.693867    
         365        1987  basin    17245.57      0.0000000E+00   4.693867    
         365        1987  basin    17245.57      0.0000000E+00   4.693867    
         365        1987  basin    17245.57      0.0000000E+00   4.693867    
         365        1987  basin    17245.57      0.0000000E+00   4.693867    
         365        1987  basin    17245.57      0.0000000E+00   4.693867    
         365        1987  basin    17245.57      0.0000000E+00   4.693867    
         365        1987  basin    17245.57      0.0000000E+00   4.693867    
         366        1988  basin    17248.65      0.0000000E+00   6.223341    
         366        1988  basin    17248.65      0.0000000E+00   6.223341    
         366        1988  basin    17248.65      0.0000000E+00   6.223341    
         366        1988  basin    17248.65      0.0000000E+00   6.223341    
         366        1988  basin    17248.65      0.0000000E+00   6.223341    
         366        1988  basin    17248.65      0.0000000E+00   6.223341    
         366        1988  basin    17248.65      0.0000000E+00   6.223341    
         366        1988  basin    17248.65      0.0000000E+00   6.223341    
         366        1988  basin    17248.65      0.0000000E+00   6.223341    
         366        1988  basin    17248.65      0.0000000E+00   6.223341    
         366        1988  basin    17248.65      0.0000000E+00   6.223341    
         366        1988  basin    17248.65      0.0000000E+00   6.223341    
         365        1989  basin    17254.08      0.0000000E+00   5.691696    
         365        1989  basin    17254.08      0.0000000E+00   5.691696    
         365        1989  basin    17254.08      0.0000000E+00   5.691696    
         365        1989  basin    17254.08      0.0000000E+00   5.691696    
         365        1989  basin    17254.08      0.0000000E+00   5.691696    
         365        1989  basin    17254.08      0.0000000E+00   5.691696    
         365        1989  basin    17254.08      0.0000000E+00   5.691696    
         365        1989  basin    17254.08      0.0000000E+00   5.691696    
         365        1989  basin    17254.08      0.0000000E+00   5.691696    
         365        1989  basin    17254.08      0.0000000E+00   5.691696    
         365        1989  basin    17254.08      0.0000000E+00   5.691696    
         365        1989  basin    17254.08      0.0000000E+00   5.691696    
         365        1990  basin    17258.46      0.0000000E+00   4.020900    
         365        1990  basin    17258.46      0.0000000E+00   4.020900    
         365        1990  basin    17258.46      0.0000000E+00   4.020900    
         365        1990  basin    17258.46      0.0000000E+00   4.020900    
         365        1990  basin    17258.46      0.0000000E+00   4.020900    
         365        1990  basin    17258.46      0.0000000E+00   4.020900    
         365        1990  basin    17258.46      0.0000000E+00   4.020900    
         365        1990  basin    17258.46      0.0000000E+00   4.020900    
         365        1990  basin    17258.46      0.0000000E+00   4.020900    
         365        1990  basin    17258.46      0.0000000E+00   4.020900    
         365        1990  basin    17258.46      0.0000000E+00   4.020900    
         365        1990  basin    17258.46      0.0000000E+00   4.020900    
         365        1991  basin    17260.40      0.0000000E+00   5.302522    
         365        1991  basin    17260.40      0.0000000E+00   5.302522    
         365        1991  basin    17260.40      0.0000000E+00   5.302522    
         365        1991  basin    17260.40      0.0000000E+00   5.302522    
         365        1991  basin    17260.40      0.0000000E+00   5.302522    
         365        1991  basin    17260.40      0.0000000E+00   5.302522    
         365        1991  basin    17260.40      0.0000000E+00   5.302522    
         365        1991  basin    17260.40      0.0000000E+00   5.302522    
         365        1991  basin    17260.40      0.0000000E+00   5.302522    
         365        1991  basin    17260.40      0.0000000E+00   5.302522    
         365        1991  basin    17260.40      0.0000000E+00   5.302522    
         365        1991  basin    17260.40      0.0000000E+00   5.302522    
         366        1992  basin    17264.94      0.0000000E+00   4.650909    
         366        1992  basin    17264.94      0.0000000E+00   4.650909    
         366        1992  basin    17264.94      0.0000000E+00   4.650909    
         366        1992  basin    17264.94      0.0000000E+00   4.650909    
         366        1992  basin    17264.94      0.0000000E+00   4.650909    
         366        1992  basin    17264.94      0.0000000E+00   4.650909    
         366        1992  basin    17264.94      0.0000000E+00   4.650909    
         366        1992  basin    17264.94      0.0000000E+00   4.650909    
         366        1992  basin    17264.94      0.0000000E+00   4.650909    
         366        1992  basin    17264.94      0.0000000E+00   4.650909    
         366        1992  basin    17264.94      0.0000000E+00   4.650909    
         366        1992  basin    17264.94      0.0000000E+00   4.650909    
         365        1993  basin    17268.00      0.0000000E+00   5.777343    
         365        1993  basin    17268.00      0.0000000E+00   5.777343    
         365        1993  basin    17268.00      0.0000000E+00   5.777343    
         365        1993  basin    17268.00      0.0000000E+00   5.777343    
         365        1993  basin    17268.00      0.0000000E+00   5.777343    
         365        1993  basin    17268.00      0.0000000E+00   5.777343    
         365        1993  basin    17268.00      0.0000000E+00   5.777343    
         365        1993  basin    17268.00      0.0000000E+00   5.777343    
         365        1993  basin    17268.00      0.0000000E+00   5.777343    
         365        1993  basin    17268.00      0.0000000E+00   5.777343    
         365        1993  basin    17268.00      0.0000000E+00   5.777343    
         365        1993  basin    17268.00      0.0000000E+00   5.777343    
         365        1994  basin    17270.76      0.0000000E+00   7.124965    
         365        1994  basin    17270.76      0.0000000E+00   7.124965    
         365        1994  basin    17270.76      0.0000000E+00   7.124965    
         365        1994  basin    17270.76      0.0000000E+00   7.124965    
         365        1994  basin    17270.76      0.0000000E+00   7.124965    
         365        1994  basin    17270.76      0.0000000E+00   7.124965    
         365        1994  basin    17270.76      0.0000000E+00   7.124965    
         365        1994  basin    17270.76      0.0000000E+00   7.124965    
         365        1994  basin    17270.76      0.0000000E+00   7.124965    
         365        1994  basin    17270.76      0.0000000E+00   7.124965    
         365        1994  basin    17270.76      0.0000000E+00   7.124965    
         365        1994  basin    17270.76      0.0000000E+00   7.124965    
         365        1995  basin    17273.89      0.0000000E+00   3.989980    
         365        1995  basin    17273.89      0.0000000E+00   3.989980    
         365        1995  basin    17273.89      0.0000000E+00   3.989980    
         365        1995  basin    17273.89      0.0000000E+00   3.989980    
         365        1995  basin    17273.89      0.0000000E+00   3.989980    
         365        1995  basin    17273.89      0.0000000E+00   3.989980    
         365        1995  basin    17273.89      0.0000000E+00   3.989980    
         365        1995  basin    17273.89      0.0000000E+00   3.989980    
         365        1995  basin    17273.89      0.0000000E+00   3.989980    
         365        1995  basin    17273.89      0.0000000E+00   3.989980    
         365        1995  basin    17273.89      0.0000000E+00   3.989980    
         365        1995  basin    17273.89      0.0000000E+00   3.989980    
         366        1996  basin    17277.27      0.0000000E+00   3.410949    
         366        1996  basin    17277.27      0.0000000E+00   3.410949    
         366        1996  basin    17277.27      0.0000000E+00   3.410949    
         366        1996  basin    17277.27      0.0000000E+00   3.410949    
         366        1996  basin    17277.27      0.0000000E+00   3.410949    
         366        1996  basin    17277.27      0.0000000E+00   3.410949    
         366        1996  basin    17277.27      0.0000000E+00   3.410949    
         366        1996  basin    17277.27      0.0000000E+00   3.410949    
         366        1996  basin    17277.27      0.0000000E+00   3.410949    
         366        1996  basin    17277.27      0.0000000E+00   3.410949    
         366        1996  basin    17277.27      0.0000000E+00   3.410949    
         366        1996  basin    17277.27      0.0000000E+00   3.410949    
         365        1997  basin    17278.97      0.0000000E+00   5.553736    
         365        1997  basin    17278.97      0.0000000E+00   5.553736    
         365        1997  basin    17278.97      0.0000000E+00   5.553736    
         365        1997  basin    17278.97      0.0000000E+00   5.553736    
         365        1997  basin    17278.97      0.0000000E+00   5.553736    
         365        1997  basin    17278.97      0.0000000E+00   5.553736    
         365        1997  basin    17278.97      0.0000000E+00   5.553736    
         365        1997  basin    17278.97      0.0000000E+00   5.553736    
         365        1997  basin    17278.97      0.0000000E+00   5.553736    
         365        1997  basin    17278.97      0.0000000E+00   5.553736    
         365        1997  basin    17278.97      0.0000000E+00   5.553736    
         365        1997  basin    17278.97      0.0000000E+00   5.553736    
         365        1998  basin    17283.48      0.0000000E+00   4.373703    
         365        1998  basin    17283.48      0.0000000E+00   4.373703    
         365        1998  basin    17283.48      0.0000000E+00   4.373703    
         365        1998  basin    17283.48      0.0000000E+00   4.373703    
         365        1998  basin    17283.48      0.0000000E+00   4.373703    
         365        1998  basin    17283.48      0.0000000E+00   4.373703    
         365        1998  basin    17283.48      0.0000000E+00   4.373703    
         365        1998  basin    17283.48      0.0000000E+00   4.373703    
         365        1998  basin    17283.48      0.0000000E+00   4.373703    
         365        1998  basin    17283.48      0.0000000E+00   4.373703    
         365        1998  basin    17283.48      0.0000000E+00   4.373703    
         365        1998  basin    17283.48      0.0000000E+00   4.373703    
         365        1999  basin    17286.39      0.0000000E+00   5.992793    
         365        1999  basin    17286.39      0.0000000E+00   5.992793    
         365        1999  basin    17286.39      0.0000000E+00   5.992793    
         365        1999  basin    17286.39      0.0000000E+00   5.992793    
         365        1999  basin    17286.39      0.0000000E+00   5.992793    
         365        1999  basin    17286.39      0.0000000E+00   5.992793    
         365        1999  basin    17286.39      0.0000000E+00   5.992793    
         365        1999  basin    17286.39      0.0000000E+00   5.992793    
         365        1999  basin    17286.39      0.0000000E+00   5.992793    
         365        1999  basin    17286.39      0.0000000E+00   5.992793    
         365        1999  basin    17286.39      0.0000000E+00   5.992793    
         365        1999  basin    17286.39      0.0000000E+00   5.992793    
         366        2000  basin    17291.36      0.0000000E+00   4.954196    
         366        2000  basin    17291.36      0.0000000E+00   4.954196    
         366        2000  basin    17291.36      0.0000000E+00   4.954196    
         366        2000  basin    17291.36      0.0000000E+00   4.954196    
         366        2000  basin    17291.36      0.0000000E+00   4.954196    
         366        2000  basin    17291.36      0.0000000E+00   4.954196    
         366        2000  basin    17291.36      0.0000000E+00   4.954196    
         366        2000  basin    17291.36      0.0000000E+00   4.954196    
         366        2000  basin    17291.36      0.0000000E+00   4.954196    
         366        2000  basin    17291.36      0.0000000E+00   4.954196    
         366        2000  basin    17291.36      0.0000000E+00   4.954196    
         366        2000  basin    17291.36      0.0000000E+00   4.954196    
         365        2001  basin    17293.80      0.0000000E+00   7.370475    
         365        2001  basin    17293.80      0.0000000E+00   7.370475    
         365        2001  basin    17293.80      0.0000000E+00   7.370475    
         365        2001  basin    17293.80      0.0000000E+00   7.370475    
         365        2001  basin    17293.80      0.0000000E+00   7.370475    
         365        2001  basin    17293.80      0.0000000E+00   7.370475    
         365        2001  basin    17293.80      0.0000000E+00   7.370475    
         365        2001  basin    17293.80      0.0000000E+00   7.370475    
         365        2001  basin    17293.80      0.0000000E+00   7.370475    
         365        2001  basin    17293.80      0.0000000E+00   7.370475    
         365        2001  basin    17293.80      0.0000000E+00   7.370475    
         365        2001  basin    17293.80      0.0000000E+00   7.370475    
         365        2002  basin    17297.04      0.0000000E+00   4.127466    
         365        2002  basin    17297.04      0.0000000E+00   4.127466    
         365        2002  basin    17297.04      0.0000000E+00   4.127466    
         365        2002  basin    17297.04      0.0000000E+00   4.127466    
         365        2002  basin    17297.04      0.0000000E+00   4.127466    
         365        2002  basin    17297.04      0.0000000E+00   4.127466    
         365        2002  basin    17297.04      0.0000000E+00   4.127466    
         365        2002  basin    17297.04      0.0000000E+00   4.127466    
         365        2002  basin    17297.04      0.0000000E+00   4.127466    
         365        2002  basin    17297.04      0.0000000E+00   4.127466    
         365        2002  basin    17297.04      0.0000000E+00   4.127466    
         365        2002  basin    17297.04      0.0000000E+00   4.127466    
         365        2003  basin    17299.05      0.0000000E+00   5.726756    
         365        2003  basin    17299.05      0.0000000E+00   5.726756    
         365        2003  basin    17299.05      0.0000000E+00   5.726756    
         365        2003  basin    17299.05      0.0000000E+00   5.726756    
         365        2003  basin    17299.05      0.0000000E+00   5.726756    
         365        2003  basin    17299.05      0.0000000E+00   5.726756    
         365        2003  basin    17299.05      0.0000000E+00   5.726756    
         365        2003  basin    17299.05      0.0000000E+00   5.726756    
         365        2003  basin    17299.05      0.0000000E+00   5.726756    
         365        2003  basin    17299.05      0.0000000E+00   5.726756    
         365        2003  basin    17299.05      0.0000000E+00   5.726756    
         365        2003  basin    17299.05      0.0000000E+00   5.726756    
         366        2004  basin    17303.59      0.0000000E+00   4.301550    
         366        2004  basin    17303.59      0.0000000E+00   4.301550    
         366        2004  basin    17303.59      0.0000000E+00   4.301550    
         366        2004  basin    17303.59      0.0000000E+00   4.301550    
         366        2004  basin    17303.59      0.0000000E+00   4.301550    
         366        2004  basin    17303.59      0.0000000E+00   4.301550    
         366        2004  basin    17303.59      0.0000000E+00   4.301550    
         366        2004  basin    17303.59      0.0000000E+00   4.301550    
         366        2004  basin    17303.59      0.0000000E+00   4.301550    
         366        2004  basin    17303.59      0.0000000E+00   4.301550    
         366        2004  basin    17303.59      0.0000000E+00   4.301550    
         366        2004  basin    17303.59      0.0000000E+00   4.301550    
         365        2005  basin    17306.45      0.0000000E+00   5.984957    
         365        2005  basin    17306.45      0.0000000E+00   5.984957    
         365        2005  basin    17306.45      0.0000000E+00   5.984957    
         365        2005  basin    17306.45      0.0000000E+00   5.984957    
         365        2005  basin    17306.45      0.0000000E+00   5.984957    
         365        2005  basin    17306.45      0.0000000E+00   5.984957    
         365        2005  basin    17306.45      0.0000000E+00   5.984957    
         365        2005  basin    17306.45      0.0000000E+00   5.984957    
         365        2005  basin    17306.45      0.0000000E+00   5.984957    
         365        2005  basin    17306.45      0.0000000E+00   5.984957    
         365        2005  basin    17306.45      0.0000000E+00   5.984957    
         365        2005  basin    17306.45      0.0000000E+00   5.984957    
         365        2006  basin    17311.70      0.0000000E+00   5.530620    
         365        2006  basin    17311.70      0.0000000E+00   5.530620    
         365        2006  basin    17311.70      0.0000000E+00   5.530620    
         365        2006  basin    17311.70      0.0000000E+00   5.530620    
         365        2006  basin    17311.70      0.0000000E+00   5.530620    
         365        2006  basin    17311.70      0.0000000E+00   5.530620    
         365        2006  basin    17311.70      0.0000000E+00   5.530620    
         365        2006  basin    17311.70      0.0000000E+00   5.530620    
         365        2006  basin    17311.70      0.0000000E+00   5.530620    
         365        2006  basin    17311.70      0.0000000E+00   5.530620    
         365        2006  basin    17311.70      0.0000000E+00   5.530620    
         365        2006  basin    17311.70      0.0000000E+00   5.530620    
         365        2007  basin    17316.28      0.0000000E+00   4.532660    
         365        2007  basin    17316.28      0.0000000E+00   4.532660    
         365        2007  basin    17316.28      0.0000000E+00   4.532660    
         365        2007  basin    17316.28      0.0000000E+00   4.532660    
         365        2007  basin    17316.28      0.0000000E+00   4.532660    
         365        2007  basin    17316.28      0.0000000E+00   4.532660    
         365        2007  basin    17316.28      0.0000000E+00   4.532660    
         365        2007  basin    17316.28      0.0000000E+00   4.532660    
         365        2007  basin    17316.28      0.0000000E+00   4.532660    
         365        2007  basin    17316.28      0.0000000E+00   4.532660    
         365        2007  basin    17316.28      0.0000000E+00   4.532660    
         365        2007  basin    17316.28      0.0000000E+00   4.532660    
         366        2008  basin    17318.53      0.0000000E+00   6.919848    
         366        2008  basin    17318.53      0.0000000E+00   6.919848    
         366        2008  basin    17318.53      0.0000000E+00   6.919848    
         366        2008  basin    17318.53      0.0000000E+00   6.919848    
         366        2008  basin    17318.53      0.0000000E+00   6.919848    
         366        2008  basin    17318.53      0.0000000E+00   6.919848    
         366        2008  basin    17318.53      0.0000000E+00   6.919848    
         366        2008  basin    17318.53      0.0000000E+00   6.919848    
         366        2008  basin    17318.53      0.0000000E+00   6.919848    
         366        2008  basin    17318.53      0.0000000E+00   6.919848    
         366        2008  basin    17318.53      0.0000000E+00   6.919848    
         366        2008  basin    17318.53      0.0000000E+00   6.919848    
         365        2009  basin    17323.17      0.0000000E+00   3.565939    
         365        2009  basin    17323.17      0.0000000E+00   3.565939    
         365        2009  basin    17323.17      0.0000000E+00   3.565939    
         365        2009  basin    17323.17      0.0000000E+00   3.565939    
         365        2009  basin    17323.17      0.0000000E+00   3.565939    
         365        2009  basin    17323.17      0.0000000E+00   3.565939    
         365        2009  basin    17323.17      0.0000000E+00   3.565939    
         365        2009  basin    17323.17      0.0000000E+00   3.565939    
         365        2009  basin    17323.17      0.0000000E+00   3.565939    
         365        2009  basin    17323.17      0.0000000E+00   3.565939    
         365        2009  basin    17323.17      0.0000000E+00   3.565939    
         365        2009  basin    17323.17      0.0000000E+00   3.565939    
         365        2010  basin    17325.58      0.0000000E+00   5.798376    
         365        2010  basin    17325.58      0.0000000E+00   5.798376    
         365        2010  basin    17325.58      0.0000000E+00   5.798376    
         365        2010  basin    17325.58      0.0000000E+00   5.798376    
         365        2010  basin    17325.58      0.0000000E+00   5.798376    
         365        2010  basin    17325.58      0.0000000E+00   5.798376    
         365        2010  basin    17325.58      0.0000000E+00   5.798376    
         365        2010  basin    17325.58      0.0000000E+00   5.798376    
         365        2010  basin    17325.58      0.0000000E+00   5.798376    
         365        2010  basin    17325.58      0.0000000E+00   5.798376    
         365        2010  basin    17325.58      0.0000000E+00   5.798376    
         365        2010  basin    17325.58      0.0000000E+00   5.798376    
         365        2011  basin    17330.57      0.0000000E+00   5.135501    
         365        2011  basin    17330.57      0.0000000E+00   5.135501    
         365        2011  basin    17330.57      0.0000000E+00   5.135501    
         365        2011  basin    17330.57      0.0000000E+00   5.135501    
         365        2011  basin    17330.57      0.0000000E+00   5.135501    
         365        2011  basin    17330.57      0.0000000E+00   5.135501    
         365        2011  basin    17330.57      0.0000000E+00   5.135501    
         365        2011  basin    17330.57      0.0000000E+00   5.135501    
         365        2011  basin    17330.57      0.0000000E+00   5.135501    
         365        2011  basin    17330.57      0.0000000E+00   5.135501    
         365        2011  basin    17330.57      0.0000000E+00   5.135501    
         365        2011  basin    17330.57      0.0000000E+00   5.135501    
         366        2012  basin    17334.90      0.0000000E+00   4.493864    
         366        2012  basin    17334.90      0.0000000E+00   4.493864    
         366        2012  basin    17334.90      0.0000000E+00   4.493864    
         366        2012  basin    17334.90      0.0000000E+00   4.493864    
         366        2012  basin    17334.90      0.0000000E+00   4.493864    
         366        2012  basin    17334.90      0.0000000E+00   4.493864    
         366        2012  basin    17334.90      0.0000000E+00   4.493864    
         366        2012  basin    17334.90      0.0000000E+00   4.493864    
         366        2012  basin    17334.90      0.0000000E+00   4.493864    
         366        2012  basin    17334.90      0.0000000E+00   4.493864    
         366        2012  basin    17334.90      0.0000000E+00   4.493864    
         366        2012  basin    17334.90      0.0000000E+00   4.493864    
         365        2013  basin    17337.10      0.0000000E+00   6.934165    
         365        2013  basin    17337.10      0.0000000E+00   6.934165    
         365        2013  basin    17337.10      0.0000000E+00   6.934165    
         365        2013  basin    17337.10      0.0000000E+00   6.934165    
         365        2013  basin    17337.10      0.0000000E+00   6.934165    
         365        2013  basin    17337.10      0.0000000E+00   6.934165    
         365        2013  basin    17337.10      0.0000000E+00   6.934165    
         365        2013  basin    17337.10      0.0000000E+00   6.934165    
         365        2013  basin    17337.10      0.0000000E+00   6.934165    
         365        2013  basin    17337.10      0.0000000E+00   6.934165    
         365        2013  basin    17337.10      0.0000000E+00   6.934165    
         365        2013  basin    17337.10      0.0000000E+00   6.934165    
         365        2014  basin    17341.72      0.0000000E+00   3.505900    
         365        2014  basin    17341.72      0.0000000E+00   3.505900    
         365        2014  basin    17341.72      0.0000000E+00   3.505900    
         365        2014  basin    17341.72      0.0000000E+00   3.505900    
         365        2014  basin    17341.72      0.0000000E+00   3.505900    
         365        2014  basin    17341.72      0.0000000E+00   3.505900    
         365        2014  basin    17341.72      0.0000000E+00   3.505900    
         365        2014  basin    17341.72      0.0000000E+00   3.505900    
         365        2014  basin    17341.72      0.0000000E+00   3.505900    
         365        2014  basin    17341.72      0.0000000E+00   3.505900    
         365        2014  basin    17341.72      0.0000000E+00   3.505900    
         365        2014  basin    17341.72      0.0000000E+00   3.505900    
         365        2015  basin    17344.07      0.0000000E+00   5.190357    
         365        2015  basin    17344.07      0.0000000E+00   5.190357    
         365        2015  basin    17344.07      0.0000000E+00   5.190357    
         365        2015  basin    17344.07      0.0000000E+00   5.190357    
         365        2015  basin    17344.07      0.0000000E+00   5.190357    
         365        2015  basin    17344.07      0.0000000E+00   5.190357    
         365        2015  basin    17344.07      0.0000000E+00   5.190357    
         365        2015  basin    17344.07      0.0000000E+00   5.190357    
         365        2015  basin    17344.07      0.0000000E+00   5.190357    
         365        2015  basin    17344.07      0.0000000E+00   5.190357    
         365        2015  basin    17344.07      0.0000000E+00   5.190357    
         365        2015  basin    17344.07      0.0000000E+00   5.190357    
         366        2016  basin    17348.75      0.0000000E+00   5.001147    
         366        2016  basin    17348.75      0.0000000E+00   5.001147    
         366        2016  basin    17348.75      0.0000000E+00   5.001147    
         366        2016  basin    17348.75      0.0000000E+00   5.001147    
         366        2016  basin    17348.75      0.0000000E+00   5.001147    
         366        2016  basin    17348.75      0.0000000E+00   5.001147    
         366        2016  basin    17348.75      0.0000000E+00   5.001147    
         366        2016  basin    17348.75      0.0000000E+00   5.001147    
         366        2016  basin    17348.75      0.0000000E+00   5.001147    
         366        2016  basin    17348.75      0.0000000E+00   5.001147    
         366        2016  basin    17348.75      0.0000000E+00   5.001147    
         366        2016  basin    17348.75      0.0000000E+00   5.001147    
         365        2017  basin    17353.20      0.0000000E+00   4.718187    
         365        2017  basin    17353.20      0.0000000E+00   4.718187    
         365        2017  basin    17353.20      0.0000000E+00   4.718187    
         365        2017  basin    17353.20      0.0000000E+00   4.718187    
         365        2017  basin    17353.20      0.0000000E+00   4.718187    
         365        2017  basin    17353.20      0.0000000E+00   4.718187    
         365        2017  basin    17353.20      0.0000000E+00   4.718187    
         365        2017  basin    17353.20      0.0000000E+00   4.718187    
         365        2017  basin    17353.20      0.0000000E+00   4.718187    
         365        2017  basin    17353.20      0.0000000E+00   4.718187    
         365        2017  basin    17353.20      0.0000000E+00   4.718187    
         365        2017  basin    17353.20      0.0000000E+00   4.718187    
         365        2018  basin    17356.88      0.0000000E+00   3.425164    
         365        2018  basin    17356.88      0.0000000E+00   3.425164    
         365        2018  basin    17356.88      0.0000000E+00   3.425164    
         365        2018  basin    17356.88      0.0000000E+00   3.425164    
         365        2018  basin    17356.88      0.0000000E+00   3.425164    
         365        2018  basin    17356.88      0.0000000E+00   3.425164    
         365        2018  basin    17356.88      0.0000000E+00   3.425164    
         365        2018  basin    17356.88      0.0000000E+00   3.425164    
         365        2018  basin    17356.88      0.0000000E+00   3.425164    
         365        2018  basin    17356.88      0.0000000E+00   3.425164    
         365        2018  basin    17356.88      0.0000000E+00   3.425164    
         365        2018  basin    17356.88      0.0000000E+00   3.425164    
         365        2019  basin    17358.64      0.0000000E+00   6.193233    
         365        2019  basin    17358.64      0.0000000E+00   6.193233    
         365        2019  basin    17358.64      0.0000000E+00   6.193233    
         365        2019  basin    17358.64      0.0000000E+00   6.193233    
         365        2019  basin    17358.64      0.0000000E+00   6.193233    
         365        2019  basin    17358.64      0.0000000E+00   6.193233    
         365        2019  basin    17358.64      0.0000000E+00   6.193233    
         365        2019  basin    17358.64      0.0000000E+00   6.193233    
         365        2019  basin    17358.64      0.0000000E+00   6.193233    
         365        2019  basin    17358.64      0.0000000E+00   6.193233    
         365        2019  basin    17358.64      0.0000000E+00   6.193233    
         365        2019  basin    17358.64      0.0000000E+00   6.193233    
         366        2020  basin    17363.31      0.0000000E+00   4.178934    
         366        2020  basin    17363.31      0.0000000E+00   4.178934    
         366        2020  basin    17363.31      0.0000000E+00   4.178934    
         366        2020  basin    17363.31      0.0000000E+00   4.178934    
         366        2020  basin    17363.31      0.0000000E+00   4.178934    
         366        2020  basin    17363.31      0.0000000E+00   4.178934    
         366        2020  basin    17363.31      0.0000000E+00   4.178934    
         366        2020  basin    17363.31      0.0000000E+00   4.178934    
         366        2020  basin    17363.31      0.0000000E+00   4.178934    
         366        2020  basin    17363.31      0.0000000E+00   4.178934    
         366        2020  basin    17363.31      0.0000000E+00   4.178934    
         366        2020  basin    17363.31      0.0000000E+00   4.178934    
