 demo                      SWAT+ May 31 2024        MODULAR Rev 2024.61.3-23-gc46ffba                     
       year     plant_no   plant_name       harv_area(ha)    yld(t)         yld(t/ha)      
        1975           1 corn               12.06000      1.1110150E-02  9.2123955E-04
        1975           2 soyb              0.0000000E+00  0.0000000E+00  0.0000000E+00
        1976           1 corn               12.06000      4.6189789E-02  3.8299987E-03
        1976           2 soyb              0.0000000E+00  0.0000000E+00  0.0000000E+00
        1977           1 corn               12.06000      5.2739251E-02  4.3730717E-03
        1977           2 soyb              0.0000000E+00  0.0000000E+00  0.0000000E+00
        1978           1 corn               12.06000      6.7689069E-02  5.6126914E-03
        1978           2 soyb              0.0000000E+00  0.0000000E+00  0.0000000E+00
        1979           1 corn               12.06000      5.6519799E-02  4.6865498E-03
        1979           2 soyb              0.0000000E+00  0.0000000E+00  0.0000000E+00
        1980           1 corn               12.06000      3.8517628E-02  3.1938327E-03
        1980           2 soyb              0.0000000E+00  0.0000000E+00  0.0000000E+00
        1981           1 corn               12.06000      5.8190092E-02  4.8250486E-03
        1981           2 soyb              0.0000000E+00  0.0000000E+00  0.0000000E+00
        1982           1 corn               12.06000      3.4200452E-02  2.8358581E-03
        1982           2 soyb              0.0000000E+00  0.0000000E+00  0.0000000E+00
        1983           1 corn               12.06000      6.7370944E-02  5.5863131E-03
        1983           2 soyb              0.0000000E+00  0.0000000E+00  0.0000000E+00
        1984           1 corn               12.06000      5.9092350E-02  4.8998627E-03
        1984           2 soyb              0.0000000E+00  0.0000000E+00  0.0000000E+00
        1985           1 corn               12.06000      4.4791088E-02  3.7140201E-03
        1985           2 soyb              0.0000000E+00  0.0000000E+00  0.0000000E+00
        1986           1 corn               12.06000      6.5467641E-02  5.4284935E-03
        1986           2 soyb              0.0000000E+00  0.0000000E+00  0.0000000E+00
        1987           1 corn               12.06000      3.4776222E-02  2.8836001E-03
        1987           2 soyb              0.0000000E+00  0.0000000E+00  0.0000000E+00
        1988           1 corn               12.06000      5.8501195E-02  4.8508449E-03
        1988           2 soyb              0.0000000E+00  0.0000000E+00  0.0000000E+00
        1989           1 corn               12.06000      6.3812472E-02  5.2912491E-03
        1989           2 soyb              0.0000000E+00  0.0000000E+00  0.0000000E+00
        1990           1 corn               12.06000      3.8827807E-02  3.2195523E-03
        1990           2 soyb              0.0000000E+00  0.0000000E+00  0.0000000E+00
        1991           1 corn               12.06000      4.5329366E-02  3.7586535E-03
        1991           2 soyb              0.0000000E+00  0.0000000E+00  0.0000000E+00
        1992           1 corn               12.06000      5.2497055E-02  4.3529891E-03
        1992           2 soyb              0.0000000E+00  0.0000000E+00  0.0000000E+00
        1993           1 corn               12.06000      5.9251215E-02  4.9130353E-03
        1993           2 soyb              0.0000000E+00  0.0000000E+00  0.0000000E+00
        1994           1 corn               12.06000      5.5169340E-02  4.5745717E-03
        1994           2 soyb              0.0000000E+00  0.0000000E+00  0.0000000E+00
        1995           1 corn              0.0000000E+00  0.0000000E+00  0.0000000E+00
        1995           2 soyb              0.0000000E+00  0.0000000E+00  0.0000000E+00
        1996           1 corn               12.06000      4.0108431E-02  3.3257401E-03
        1996           2 soyb              0.0000000E+00  0.0000000E+00  0.0000000E+00
        1997           1 corn               12.06000      5.2915994E-02  4.3877270E-03
        1997           2 soyb              0.0000000E+00  0.0000000E+00  0.0000000E+00
        1998           1 corn               12.06000      4.8233811E-02  3.9994866E-03
        1998           2 soyb              0.0000000E+00  0.0000000E+00  0.0000000E+00
        1999           1 corn               12.06000      6.2562868E-02  5.1876334E-03
        1999           2 soyb              0.0000000E+00  0.0000000E+00  0.0000000E+00
        2000           1 corn               12.06000      5.5272795E-02  4.5831501E-03
        2000           2 soyb              0.0000000E+00  0.0000000E+00  0.0000000E+00
        2001           1 corn               12.06000      6.4949818E-02  5.3855563E-03
        2001           2 soyb              0.0000000E+00  0.0000000E+00  0.0000000E+00
        2002           1 corn              0.0000000E+00  0.0000000E+00  0.0000000E+00
        2002           2 soyb              0.0000000E+00  0.0000000E+00  0.0000000E+00
        2003           1 corn               12.06000      4.9325697E-02  4.0900242E-03
        2003           2 soyb              0.0000000E+00  0.0000000E+00  0.0000000E+00
        2004           1 corn               12.06000      4.4396374E-02  3.6812909E-03
        2004           2 soyb              0.0000000E+00  0.0000000E+00  0.0000000E+00
        2005           1 corn               12.06000      6.1123855E-02  5.0683124E-03
        2005           2 soyb              0.0000000E+00  0.0000000E+00  0.0000000E+00
        2006           1 corn               12.06000      6.3874140E-02  5.2963626E-03
        2006           2 soyb              0.0000000E+00  0.0000000E+00  0.0000000E+00
        2007           1 corn               12.06000      5.1743936E-02  4.2905416E-03
        2007           2 soyb              0.0000000E+00  0.0000000E+00  0.0000000E+00
        2008           1 corn               12.06000      6.4277478E-02  5.3298068E-03
        2008           2 soyb              0.0000000E+00  0.0000000E+00  0.0000000E+00
        2009           1 corn               12.06000      1.7999485E-02  1.4924945E-03
        2009           2 soyb              0.0000000E+00  0.0000000E+00  0.0000000E+00
        2010           1 corn               12.06000      6.2350985E-02  5.1700645E-03
        2010           2 soyb              0.0000000E+00  0.0000000E+00  0.0000000E+00
        2011           1 corn               12.06000      5.9195232E-02  4.9083936E-03
        2011           2 soyb              0.0000000E+00  0.0000000E+00  0.0000000E+00
        2012           1 corn               12.06000      3.8876034E-02  3.2235514E-03
        2012           2 soyb              0.0000000E+00  0.0000000E+00  0.0000000E+00
        2013           1 corn               12.06000      5.6110267E-02  4.6525919E-03
        2013           2 soyb              0.0000000E+00  0.0000000E+00  0.0000000E+00
        2014           1 corn               12.06000      1.6238717E-02  1.3464938E-03
        2014           2 soyb              0.0000000E+00  0.0000000E+00  0.0000000E+00
        2015           1 corn               12.06000      5.6671590E-02  4.6991361E-03
        2015           2 soyb              0.0000000E+00  0.0000000E+00  0.0000000E+00
        2016           1 corn               12.06000      6.3032582E-02  5.2265818E-03
        2016           2 soyb              0.0000000E+00  0.0000000E+00  0.0000000E+00
        2017           1 corn               12.06000      5.7890311E-02  4.8001911E-03
        2017           2 soyb              0.0000000E+00  0.0000000E+00  0.0000000E+00
        2018           1 corn               12.06000      3.3823397E-02  2.8045932E-03
        2018           2 soyb              0.0000000E+00  0.0000000E+00  0.0000000E+00
        2019           1 corn               12.06000      6.6277750E-02  5.4956670E-03
        2019           2 soyb              0.0000000E+00  0.0000000E+00  0.0000000E+00
        2020           1 corn               12.06000      3.8757935E-02  3.2137588E-03
        2020           2 soyb              0.0000000E+00  0.0000000E+00  0.0000000E+00
