 demo                      SWAT+ Mar 05 2024        MODULAR Rev 2024.61.0.0                               
        jday        mon        day         yr            unit              gis_id     name                  npp_c         harv_c         drop_c      grazeat_c         emit_c
                                                                                                          kg C/ha        kg C/ha        kg C/ha        kg C/ha        kg C/ha
         366          12          31        2020           1                     1 hru0001           0.0000000E+00   3191207.       3672951.      0.0000000E+00  0.0000000E+00
         366          12          31        2020           2                     1 hru0002           0.0000000E+00   3191207.       3672951.      0.0000000E+00  0.0000000E+00
         366          12          31        2020           3                     1 hru0003           0.0000000E+00   3191207.       3672951.      0.0000000E+00  0.0000000E+00
         366          12          31        2020           4                     1 hru0004           0.0000000E+00   3191207.       3672951.      0.0000000E+00  0.0000000E+00
         366          12          31        2020           5                     1 hru0005           0.0000000E+00   3191207.       3672951.      0.0000000E+00  0.0000000E+00
         366          12          31        2020           6                     1 hru0006           0.0000000E+00   3191207.       3672951.      0.0000000E+00  0.0000000E+00
         366          12          31        2020           7                     1 hru0007           0.0000000E+00   3191207.       3672951.      0.0000000E+00  0.0000000E+00
         366          12          31        2020           8                     1 hru0008           0.0000000E+00   3191207.       3672951.      0.0000000E+00  0.0000000E+00
         366          12          31        2020           9                     1 hru0009           0.0000000E+00   3191207.       3672951.      0.0000000E+00  0.0000000E+00
         366          12          31        2020          10                     1 hru0010           0.0000000E+00   3191207.       3672951.      0.0000000E+00  0.0000000E+00
         366          12          31        2020          11                     1 hru0011           0.0000000E+00   3191207.       3672951.      0.0000000E+00  0.0000000E+00
         366          12          31        2020          12                     1 hru0012           0.0000000E+00   3191207.       3672951.      0.0000000E+00  0.0000000E+00
