 demo                      SWAT+ Jun 18 2024        MODULAR Rev 2024.61.3-29-g03b9ecd                     
        jday        mon        day         yr            unit              gis_id     name                plant_c    res_decay_c    harv_stov_c         emit_c
                                                                                                          kg C/ha        kg C/ha        kg C/ha        kg C/ha
         366          12          31        2020           1                     1 hru0001            3750322.      0.0000000E+00  0.0000000E+00  0.0000000E+00
         366          12          31        2020           2                     1 hru0002            3750322.      0.0000000E+00  0.0000000E+00  0.0000000E+00
         366          12          31        2020           3                     1 hru0003            3750322.      0.0000000E+00  0.0000000E+00  0.0000000E+00
         366          12          31        2020           4                     1 hru0004            3750322.      0.0000000E+00  0.0000000E+00  0.0000000E+00
         366          12          31        2020           5                     1 hru0005            3750322.      0.0000000E+00  0.0000000E+00  0.0000000E+00
         366          12          31        2020           6                     1 hru0006            3750322.      0.0000000E+00  0.0000000E+00  0.0000000E+00
         366          12          31        2020           7                     1 hru0007            3750322.      0.0000000E+00  0.0000000E+00  0.0000000E+00
         366          12          31        2020           8                     1 hru0008            3750322.      0.0000000E+00  0.0000000E+00  0.0000000E+00
         366          12          31        2020           9                     1 hru0009            3750322.      0.0000000E+00  0.0000000E+00  0.0000000E+00
         366          12          31        2020          10                     1 hru0010            3750322.      0.0000000E+00  0.0000000E+00  0.0000000E+00
         366          12          31        2020          11                     1 hru0011            3750322.      0.0000000E+00  0.0000000E+00  0.0000000E+00
         366          12          31        2020          12                     1 hru0012            3750322.      0.0000000E+00  0.0000000E+00  0.0000000E+00
