 demo                      SWAT+ Jun 18 2024        MODULAR Rev 2024.61.3-29-g03b9ecd                     
         jday        mon          day       year hru     name               total soil carbon (kg/ha) by layer 
         213           8           1        2007 hru     hru0001            24.01460       16.74547       24.00803       89.66416       50.40515    
         213           8           1        2007 hru     hru0002            24.01460       16.74547       24.00803       89.66416       50.40515    
         213           8           1        2007 hru     hru0003            24.01460       16.74547       24.00803       89.66416       50.40515    
         213           8           1        2007 hru     hru0004            24.01460       16.74547       24.00803       89.66416       50.40515    
         213           8           1        2007 hru     hru0005            24.01460       16.74547       24.00803       89.66416       50.40515    
         213           8           1        2007 hru     hru0006            24.01460       16.74547       24.00803       89.66416       50.40515    
         213           8           1        2007 hru     hru0007            24.01460       16.74547       24.00803       89.66416       50.40515    
         213           8           1        2007 hru     hru0008            24.01460       16.74547       24.00803       89.66416       50.40515    
         213           8           1        2007 hru     hru0009            24.01460       16.74547       24.00803       89.66416       50.40515    
         213           8           1        2007 hru     hru0010            24.01460       16.74547       24.00803       89.66416       50.40515    
         213           8           1        2007 hru     hru0011            24.01460       16.74547       24.00803       89.66416       50.40515    
         213           8           1        2007 hru     hru0012            24.01460       16.74547       24.00803       89.66416       50.40515    
         319          11          15        2010 hru     hru0001            24.99510       17.17461       24.00803       89.66416       50.40515    
         319          11          15        2010 hru     hru0002            24.99510       17.17461       24.00803       89.66416       50.40515    
         319          11          15        2010 hru     hru0003            24.99510       17.17461       24.00803       89.66416       50.40515    
         319          11          15        2010 hru     hru0004            24.99510       17.17461       24.00803       89.66416       50.40515    
         319          11          15        2010 hru     hru0005            24.99510       17.17461       24.00803       89.66416       50.40515    
         319          11          15        2010 hru     hru0006            24.99510       17.17461       24.00803       89.66416       50.40515    
         319          11          15        2010 hru     hru0007            24.99510       17.17461       24.00803       89.66416       50.40515    
         319          11          15        2010 hru     hru0008            24.99510       17.17461       24.00803       89.66416       50.40515    
         319          11          15        2010 hru     hru0009            24.99510       17.17461       24.00803       89.66416       50.40515    
         319          11          15        2010 hru     hru0010            24.99510       17.17461       24.00803       89.66416       50.40515    
         319          11          15        2010 hru     hru0011            24.99510       17.17461       24.00803       89.66416       50.40515    
         319          11          15        2010 hru     hru0012            24.99510       17.17461       24.00803       89.66416       50.40515    
         324          11          20        2011 hru     hru0001            25.38069       17.38261       24.00803       89.66416       50.40515    
         324          11          20        2011 hru     hru0002            25.38069       17.38261       24.00803       89.66416       50.40515    
         324          11          20        2011 hru     hru0003            25.38069       17.38261       24.00803       89.66416       50.40515    
         324          11          20        2011 hru     hru0004            25.38069       17.38261       24.00803       89.66416       50.40515    
         324          11          20        2011 hru     hru0005            25.38069       17.38261       24.00803       89.66416       50.40515    
         324          11          20        2011 hru     hru0006            25.38069       17.38261       24.00803       89.66416       50.40515    
         324          11          20        2011 hru     hru0007            25.38069       17.38261       24.00803       89.66416       50.40515    
         324          11          20        2011 hru     hru0008            25.38069       17.38261       24.00803       89.66416       50.40515    
         324          11          20        2011 hru     hru0009            25.38069       17.38261       24.00803       89.66416       50.40515    
         324          11          20        2011 hru     hru0010            25.38069       17.38261       24.00803       89.66416       50.40515    
         324          11          20        2011 hru     hru0011            25.38069       17.38261       24.00803       89.66416       50.40515    
         324          11          20        2011 hru     hru0012            25.38069       17.38261       24.00803       89.66416       50.40515    
