 demo                      SWAT+ 2024-08-27        MODULAR Rev 2024.61.0.1-33-g68b1328                    
        jday         yr            org_soilc        org_plc       org_resc
                                       kg/ha          kg/ha          kg/ha
         365        1975  basin    663499.5      0.0000000E+00   14907.49    
         365        1975  basin    739808.4      0.0000000E+00   14907.49    
         365        1975  basin    816117.3      0.0000000E+00   14907.49    
         365        1975  basin    892426.0      0.0000000E+00   14907.49    
         365        1975  basin    968734.9      0.0000000E+00   14907.49    
         365        1975  basin    1045044.      0.0000000E+00   14907.49    
         365        1975  basin    1121353.      0.0000000E+00   14907.49    
         365        1975  basin    1197662.      0.0000000E+00   14907.49    
         365        1975  basin    1273970.      0.0000000E+00   14907.49    
         365        1975  basin    1350280.      0.0000000E+00   14907.49    
         365        1975  basin    1426588.      0.0000000E+00   14907.49    
         365        1975  basin    1502897.      0.0000000E+00   14907.49    
         366        1976  basin    1587843.      0.0000000E+00   14615.42    
         366        1976  basin    1668634.      0.0000000E+00   14615.42    
         366        1976  basin    1749425.      0.0000000E+00   14615.42    
         366        1976  basin    1830216.      0.0000000E+00   14615.42    
         366        1976  basin    1911007.      0.0000000E+00   14615.42    
         366        1976  basin    1991798.      0.0000000E+00   14615.42    
         366        1976  basin    2072588.      0.0000000E+00   14615.42    
         366        1976  basin    2153379.      0.0000000E+00   14615.42    
         366        1976  basin    2234170.      0.0000000E+00   14615.42    
         366        1976  basin    2314961.      0.0000000E+00   14615.42    
         366        1976  basin    2395752.      0.0000000E+00   14615.42    
         366        1976  basin    2476543.      0.0000000E+00   14615.42    
         365        1977  basin    2569637.      0.0000000E+00   10184.32    
         365        1977  basin    2653077.      0.0000000E+00   10184.32    
         365        1977  basin    2736518.      0.0000000E+00   10184.32    
         365        1977  basin    2819958.      0.0000000E+00   10184.32    
         365        1977  basin    2903399.      0.0000000E+00   10184.32    
         365        1977  basin    2986840.      0.0000000E+00   10184.32    
         365        1977  basin    3070281.      0.0000000E+00   10184.32    
         365        1977  basin    3153722.      0.0000000E+00   10184.32    
         365        1977  basin    3237164.      0.0000000E+00   10184.32    
         365        1977  basin    3320604.      0.0000000E+00   10184.32    
         365        1977  basin    3404045.      0.0000000E+00   10184.32    
         365        1977  basin    3487486.      0.0000000E+00   10184.32    
         365        1978  basin    3578303.      0.0000000E+00   9783.782    
         365        1978  basin    3663747.      0.0000000E+00   9783.782    
         365        1978  basin    3749190.      0.0000000E+00   9783.782    
         365        1978  basin    3834634.      0.0000000E+00   9783.782    
         365        1978  basin    3920078.      0.0000000E+00   9783.782    
         365        1978  basin    4005522.      0.0000000E+00   9783.782    
         365        1978  basin    4090966.      0.0000000E+00   9783.782    
         365        1978  basin    4176409.      0.0000000E+00   9783.782    
         365        1978  basin    4261853.      0.0000000E+00   9783.782    
         365        1978  basin    4347297.      0.0000000E+00   9783.782    
         365        1978  basin    4432740.      0.0000000E+00   9783.782    
         365        1978  basin    4518184.      0.0000000E+00   9783.782    
         365        1979  basin    4612430.      0.0000000E+00   8743.802    
         365        1979  basin    4698736.      0.0000000E+00   8743.802    
         365        1979  basin    4785040.      0.0000000E+00   8743.802    
         365        1979  basin    4871346.      0.0000000E+00   8743.802    
         365        1979  basin    4957651.      0.0000000E+00   8743.802    
         365        1979  basin    5043956.      0.0000000E+00   8743.802    
         365        1979  basin    5130261.      0.0000000E+00   8743.802    
         365        1979  basin    5216566.      0.0000000E+00   8743.802    
         365        1979  basin    5302871.      0.0000000E+00   8743.802    
         365        1979  basin    5389177.      0.0000000E+00   8743.802    
         365        1979  basin    5475482.      0.0000000E+00   8743.802    
         365        1979  basin    5561787.      0.0000000E+00   8743.802    
         366        1980  basin    5655781.      0.0000000E+00   7519.783    
         366        1980  basin    5743036.      0.0000000E+00   7519.783    
         366        1980  basin    5830294.      0.0000000E+00   7519.783    
         366        1980  basin    5917549.      0.0000000E+00   7519.783    
         366        1980  basin    6004804.      0.0000000E+00   7519.783    
         366        1980  basin    6092061.      0.0000000E+00   7519.783    
         366        1980  basin    6179316.      0.0000000E+00   7519.783    
         366        1980  basin    6266574.      0.0000000E+00   7519.783    
         366        1980  basin    6353829.      0.0000000E+00   7519.783    
         366        1980  basin    6441084.      0.0000000E+00   7519.783    
         366        1980  basin    6528341.      0.0000000E+00   7519.783    
         366        1980  basin    6615596.      0.0000000E+00   7519.783    
         365        1981  basin    6706658.      0.0000000E+00   9986.795    
         365        1981  basin    6794521.      0.0000000E+00   9986.795    
         365        1981  basin    6882384.      0.0000000E+00   9986.795    
         365        1981  basin    6970250.      0.0000000E+00   9986.795    
         365        1981  basin    7058113.      0.0000000E+00   9986.795    
         365        1981  basin    7145978.      0.0000000E+00   9986.795    
         365        1981  basin    7233841.      0.0000000E+00   9986.795    
         365        1981  basin    7321704.      0.0000000E+00   9986.795    
         365        1981  basin    7409570.      0.0000000E+00   9986.795    
         365        1981  basin    7497433.      0.0000000E+00   9986.795    
         365        1981  basin    7585298.      0.0000000E+00   9986.795    
         365        1981  basin    7673161.      0.0000000E+00   9986.795    
         365        1982  basin    7769564.      0.0000000E+00   8985.815    
         365        1982  basin    7857199.      0.0000000E+00   8985.815    
         365        1982  basin    7944834.      0.0000000E+00   8985.815    
         365        1982  basin    8032470.      0.0000000E+00   8985.815    
         365        1982  basin    8120104.      0.0000000E+00   8985.815    
         365        1982  basin    8207740.      0.0000000E+00   8985.815    
         365        1982  basin    8295374.      0.0000000E+00   8985.815    
         365        1982  basin    8383010.      0.0000000E+00   8985.815    
         365        1982  basin    8470644.      0.0000000E+00   8985.815    
         365        1982  basin    8558279.      0.0000000E+00   8985.815    
         365        1982  basin    8645914.      0.0000000E+00   8985.815    
         365        1982  basin    8733550.      0.0000000E+00   8985.815    
         365        1983  basin    8826634.      0.0000000E+00   10024.09    
         365        1983  basin    8913412.      0.0000000E+00   10024.09    
         365        1983  basin    9000187.      0.0000000E+00   10024.09    
         365        1983  basin    9086962.      0.0000000E+00   10024.09    
         365        1983  basin    9173738.      0.0000000E+00   10024.09    
         365        1983  basin    9260513.      0.0000000E+00   10024.09    
         365        1983  basin    9347287.      0.0000000E+00   10024.09    
         365        1983  basin    9434062.      0.0000000E+00   10024.09    
         365        1983  basin    9520838.      0.0000000E+00   10024.09    
         365        1983  basin    9607614.      0.0000000E+00   10024.09    
         365        1983  basin    9694387.      0.0000000E+00   10024.09    
         365        1983  basin    9781162.      0.0000000E+00   10024.09    
         366        1984  basin    9875827.      0.0000000E+00   8267.383    
         366        1984  basin    9961790.      0.0000000E+00   8267.383    
         366        1984  basin   1.0047752E+07  0.0000000E+00   8267.383    
         366        1984  basin   1.0133714E+07  0.0000000E+00   8267.383    
         366        1984  basin   1.0219677E+07  0.0000000E+00   8267.383    
         366        1984  basin   1.0305639E+07  0.0000000E+00   8267.383    
         366        1984  basin   1.0391600E+07  0.0000000E+00   8267.383    
         366        1984  basin   1.0477562E+07  0.0000000E+00   8267.383    
         366        1984  basin   1.0563524E+07  0.0000000E+00   8267.383    
         366        1984  basin   1.0649486E+07  0.0000000E+00   8267.383    
         366        1984  basin   1.0735447E+07  0.0000000E+00   8267.383    
         366        1984  basin   1.0821411E+07  0.0000000E+00   8267.383    
         365        1985  basin   1.0913888E+07  0.0000000E+00   6823.002    
         365        1985  basin   1.0999253E+07  0.0000000E+00   6823.002    
         365        1985  basin   1.1084620E+07  0.0000000E+00   6823.002    
         365        1985  basin   1.1169986E+07  0.0000000E+00   6823.002    
         365        1985  basin   1.1255352E+07  0.0000000E+00   6823.002    
         365        1985  basin   1.1340717E+07  0.0000000E+00   6823.002    
         365        1985  basin   1.1426085E+07  0.0000000E+00   6823.002    
         365        1985  basin   1.1511450E+07  0.0000000E+00   6823.002    
         365        1985  basin   1.1596815E+07  0.0000000E+00   6823.002    
         365        1985  basin   1.1682183E+07  0.0000000E+00   6823.002    
         365        1985  basin   1.1767548E+07  0.0000000E+00   6823.002    
         365        1985  basin   1.1852913E+07  0.0000000E+00   6823.002    
         365        1986  basin   1.1941163E+07  0.0000000E+00   9452.745    
         365        1986  basin   1.2025507E+07  0.0000000E+00   9452.745    
         365        1986  basin   1.2109854E+07  0.0000000E+00   9452.745    
         365        1986  basin   1.2194201E+07  0.0000000E+00   9452.745    
         365        1986  basin   1.2278545E+07  0.0000000E+00   9452.745    
         365        1986  basin   1.2362893E+07  0.0000000E+00   9452.745    
         365        1986  basin   1.2447238E+07  0.0000000E+00   9452.745    
         365        1986  basin   1.2531584E+07  0.0000000E+00   9452.745    
         365        1986  basin   1.2615930E+07  0.0000000E+00   9452.745    
         365        1986  basin   1.2700275E+07  0.0000000E+00   9452.745    
         365        1986  basin   1.2784622E+07  0.0000000E+00   9452.745    
         365        1986  basin   1.2868968E+07  0.0000000E+00   9452.745    
         365        1987  basin   1.2960857E+07  0.0000000E+00   8232.453    
         365        1987  basin   1.3044047E+07  0.0000000E+00   8232.453    
         365        1987  basin   1.3127237E+07  0.0000000E+00   8232.453    
         365        1987  basin   1.3210427E+07  0.0000000E+00   8232.453    
         365        1987  basin   1.3293617E+07  0.0000000E+00   8232.453    
         365        1987  basin   1.3376807E+07  0.0000000E+00   8232.453    
         365        1987  basin   1.3459997E+07  0.0000000E+00   8232.453    
         365        1987  basin   1.3543187E+07  0.0000000E+00   8232.453    
         365        1987  basin   1.3626377E+07  0.0000000E+00   8232.453    
         365        1987  basin   1.3709567E+07  0.0000000E+00   8232.453    
         365        1987  basin   1.3792757E+07  0.0000000E+00   8232.453    
         365        1987  basin   1.3875947E+07  0.0000000E+00   8232.453    
         366        1988  basin   1.3963862E+07  0.0000000E+00   7356.152    
         366        1988  basin   1.4046160E+07  0.0000000E+00   7356.152    
         366        1988  basin   1.4128459E+07  0.0000000E+00   7356.152    
         366        1988  basin   1.4210758E+07  0.0000000E+00   7356.152    
         366        1988  basin   1.4293057E+07  0.0000000E+00   7356.152    
         366        1988  basin   1.4375357E+07  0.0000000E+00   7356.152    
         366        1988  basin   1.4457656E+07  0.0000000E+00   7356.152    
         366        1988  basin   1.4539956E+07  0.0000000E+00   7356.152    
         366        1988  basin   1.4622256E+07  0.0000000E+00   7356.152    
         366        1988  basin   1.4704554E+07  0.0000000E+00   7356.152    
         366        1988  basin   1.4786852E+07  0.0000000E+00   7356.152    
         366        1988  basin   1.4869151E+07  0.0000000E+00   7356.152    
         365        1989  basin   1.4957037E+07  0.0000000E+00   5824.370    
         365        1989  basin   1.5038712E+07  0.0000000E+00   5824.370    
         365        1989  basin   1.5120388E+07  0.0000000E+00   5824.370    
         365        1989  basin   1.5202062E+07  0.0000000E+00   5824.370    
         365        1989  basin   1.5283737E+07  0.0000000E+00   5824.370    
         365        1989  basin   1.5365412E+07  0.0000000E+00   5824.370    
         365        1989  basin   1.5447088E+07  0.0000000E+00   5824.370    
         365        1989  basin   1.5528763E+07  0.0000000E+00   5824.370    
         365        1989  basin   1.5610437E+07  0.0000000E+00   5824.370    
         365        1989  basin   1.5692112E+07  0.0000000E+00   5824.370    
         365        1989  basin   1.5773788E+07  0.0000000E+00   5824.370    
         365        1989  basin   1.5855462E+07  0.0000000E+00   5824.370    
         365        1990  basin   1.5943360E+07  0.0000000E+00   8408.616    
         365        1990  basin   1.6023997E+07  0.0000000E+00   8408.616    
         365        1990  basin   1.6104632E+07  0.0000000E+00   8408.616    
         365        1990  basin   1.6185268E+07  0.0000000E+00   8408.616    
         365        1990  basin   1.6265906E+07  0.0000000E+00   8408.616    
         365        1990  basin   1.6346540E+07  0.0000000E+00   8408.616    
         365        1990  basin   1.6427177E+07  0.0000000E+00   8408.616    
         365        1990  basin   1.6507812E+07  0.0000000E+00   8408.616    
         365        1990  basin   1.6588449E+07  0.0000000E+00   8408.616    
         365        1990  basin   1.6669085E+07  0.0000000E+00   8408.616    
         365        1990  basin   1.6749720E+07  0.0000000E+00   8408.616    
         365        1990  basin   1.6830358E+07  0.0000000E+00   8408.616    
         365        1991  basin   1.6914406E+07  0.0000000E+00   10732.63    
         365        1991  basin   1.6993828E+07  0.0000000E+00   10732.63    
         365        1991  basin   1.7073254E+07  0.0000000E+00   10732.63    
         365        1991  basin   1.7152678E+07  0.0000000E+00   10732.63    
         365        1991  basin   1.7232106E+07  0.0000000E+00   10732.63    
         365        1991  basin   1.7311528E+07  0.0000000E+00   10732.63    
         365        1991  basin   1.7390954E+07  0.0000000E+00   10732.63    
         365        1991  basin   1.7470378E+07  0.0000000E+00   10732.63    
         365        1991  basin   1.7549800E+07  0.0000000E+00   10732.63    
         365        1991  basin   1.7629224E+07  0.0000000E+00   10732.63    
         365        1991  basin   1.7708646E+07  0.0000000E+00   10732.63    
         365        1991  basin   1.7788068E+07  0.0000000E+00   10732.63    
         366        1992  basin   1.7875892E+07  0.0000000E+00   8805.617    
         366        1992  basin   1.7954282E+07  0.0000000E+00   8805.617    
         366        1992  basin   1.8032670E+07  0.0000000E+00   8805.617    
         366        1992  basin   1.8111058E+07  0.0000000E+00   8805.617    
         366        1992  basin   1.8189446E+07  0.0000000E+00   8805.617    
         366        1992  basin   1.8267834E+07  0.0000000E+00   8805.617    
         366        1992  basin   1.8346222E+07  0.0000000E+00   8805.617    
         366        1992  basin   1.8424610E+07  0.0000000E+00   8805.617    
         366        1992  basin   1.8502998E+07  0.0000000E+00   8805.617    
         366        1992  basin   1.8581386E+07  0.0000000E+00   8805.617    
         366        1992  basin   1.8659772E+07  0.0000000E+00   8805.617    
         366        1992  basin   1.8738160E+07  0.0000000E+00   8805.617    
         365        1993  basin   1.8821812E+07  0.0000000E+00   11885.23    
         365        1993  basin   1.8898850E+07  0.0000000E+00   11885.23    
         365        1993  basin   1.8975884E+07  0.0000000E+00   11885.23    
         365        1993  basin   1.9052922E+07  0.0000000E+00   11885.23    
         365        1993  basin   1.9129958E+07  0.0000000E+00   11885.23    
         365        1993  basin   1.9206994E+07  0.0000000E+00   11885.23    
         365        1993  basin   1.9284032E+07  0.0000000E+00   11885.23    
         365        1993  basin   1.9361066E+07  0.0000000E+00   11885.23    
         365        1993  basin   1.9438104E+07  0.0000000E+00   11885.23    
         365        1993  basin   1.9515136E+07  0.0000000E+00   11885.23    
         365        1993  basin   1.9592172E+07  0.0000000E+00   11885.23    
         365        1993  basin   1.9669210E+07  0.0000000E+00   11885.23    
         365        1994  basin   1.9751560E+07  0.0000000E+00   12505.18    
         365        1994  basin   1.9827952E+07  0.0000000E+00   12505.18    
         365        1994  basin   1.9904348E+07  0.0000000E+00   12505.18    
         365        1994  basin   1.9980746E+07  0.0000000E+00   12505.18    
         365        1994  basin   2.0057140E+07  0.0000000E+00   12505.18    
         365        1994  basin   2.0133540E+07  0.0000000E+00   12505.18    
         365        1994  basin   2.0209932E+07  0.0000000E+00   12505.18    
         365        1994  basin   2.0286328E+07  0.0000000E+00   12505.18    
         365        1994  basin   2.0362726E+07  0.0000000E+00   12505.18    
         365        1994  basin   2.0439122E+07  0.0000000E+00   12505.18    
         365        1994  basin   2.0515520E+07  0.0000000E+00   12505.18    
         365        1994  basin   2.0591912E+07  0.0000000E+00   12505.18    
         365        1995  basin   2.0673126E+07  0.0000000E+00   7002.902    
         365        1995  basin   2.0747962E+07  0.0000000E+00   7002.902    
         365        1995  basin   2.0822800E+07  0.0000000E+00   7002.902    
         365        1995  basin   2.0897632E+07  0.0000000E+00   7002.902    
         365        1995  basin   2.0972468E+07  0.0000000E+00   7002.902    
         365        1995  basin   2.1047304E+07  0.0000000E+00   7002.902    
         365        1995  basin   2.1122142E+07  0.0000000E+00   7002.902    
         365        1995  basin   2.1196980E+07  0.0000000E+00   7002.902    
         365        1995  basin   2.1271816E+07  0.0000000E+00   7002.902    
         365        1995  basin   2.1346648E+07  0.0000000E+00   7002.902    
         365        1995  basin   2.1421486E+07  0.0000000E+00   7002.902    
         365        1995  basin   2.1496322E+07  0.0000000E+00   7002.902    
         366        1996  basin   2.1577114E+07  0.0000000E+00   6918.060    
         366        1996  basin   2.1651050E+07  0.0000000E+00   6918.060    
         366        1996  basin   2.1724986E+07  0.0000000E+00   6918.060    
         366        1996  basin   2.1798926E+07  0.0000000E+00   6918.060    
         366        1996  basin   2.1872862E+07  0.0000000E+00   6918.060    
         366        1996  basin   2.1946800E+07  0.0000000E+00   6918.060    
         366        1996  basin   2.2020740E+07  0.0000000E+00   6918.060    
         366        1996  basin   2.2094678E+07  0.0000000E+00   6918.060    
         366        1996  basin   2.2168616E+07  0.0000000E+00   6918.060    
         366        1996  basin   2.2242554E+07  0.0000000E+00   6918.060    
         366        1996  basin   2.2316492E+07  0.0000000E+00   6918.060    
         366        1996  basin   2.2390428E+07  0.0000000E+00   6918.060    
         365        1997  basin   2.2467204E+07  0.0000000E+00   8835.999    
         365        1997  basin   2.2540136E+07  0.0000000E+00   8835.999    
         365        1997  basin   2.2613072E+07  0.0000000E+00   8835.999    
         365        1997  basin   2.2686006E+07  0.0000000E+00   8835.999    
         365        1997  basin   2.2758938E+07  0.0000000E+00   8835.999    
         365        1997  basin   2.2831872E+07  0.0000000E+00   8835.999    
         365        1997  basin   2.2904808E+07  0.0000000E+00   8835.999    
         365        1997  basin   2.2977744E+07  0.0000000E+00   8835.999    
         365        1997  basin   2.3050676E+07  0.0000000E+00   8835.999    
         365        1997  basin   2.3123612E+07  0.0000000E+00   8835.999    
         365        1997  basin   2.3196544E+07  0.0000000E+00   8835.999    
         365        1997  basin   2.3269476E+07  0.0000000E+00   8835.999    
         365        1998  basin   2.3349864E+07  0.0000000E+00   8279.842    
         365        1998  basin   2.3421926E+07  0.0000000E+00   8279.842    
         365        1998  basin   2.3493982E+07  0.0000000E+00   8279.842    
         365        1998  basin   2.3566040E+07  0.0000000E+00   8279.842    
         365        1998  basin   2.3638100E+07  0.0000000E+00   8279.842    
         365        1998  basin   2.3710156E+07  0.0000000E+00   8279.842    
         365        1998  basin   2.3782216E+07  0.0000000E+00   8279.842    
         365        1998  basin   2.3854272E+07  0.0000000E+00   8279.842    
         365        1998  basin   2.3926332E+07  0.0000000E+00   8279.842    
         365        1998  basin   2.3998388E+07  0.0000000E+00   8279.842    
         365        1998  basin   2.4070448E+07  0.0000000E+00   8279.842    
         365        1998  basin   2.4142502E+07  0.0000000E+00   8279.842    
         365        1999  basin   2.4219500E+07  0.0000000E+00   8565.007    
         365        1999  basin   2.4290662E+07  0.0000000E+00   8565.007    
         365        1999  basin   2.4361824E+07  0.0000000E+00   8565.007    
         365        1999  basin   2.4432990E+07  0.0000000E+00   8565.007    
         365        1999  basin   2.4504158E+07  0.0000000E+00   8565.007    
         365        1999  basin   2.4575320E+07  0.0000000E+00   8565.007    
         365        1999  basin   2.4646484E+07  0.0000000E+00   8565.007    
         365        1999  basin   2.4717646E+07  0.0000000E+00   8565.007    
         365        1999  basin   2.4788810E+07  0.0000000E+00   8565.007    
         365        1999  basin   2.4859978E+07  0.0000000E+00   8565.007    
         365        1999  basin   2.4931140E+07  0.0000000E+00   8565.007    
         365        1999  basin   2.5002302E+07  0.0000000E+00   8565.007    
         366        2000  basin   2.5080072E+07  0.0000000E+00   6910.044    
         366        2000  basin   2.5150680E+07  0.0000000E+00   6910.044    
         366        2000  basin   2.5221290E+07  0.0000000E+00   6910.044    
         366        2000  basin   2.5291896E+07  0.0000000E+00   6910.044    
         366        2000  basin   2.5362504E+07  0.0000000E+00   6910.044    
         366        2000  basin   2.5433112E+07  0.0000000E+00   6910.044    
         366        2000  basin   2.5503720E+07  0.0000000E+00   6910.044    
         366        2000  basin   2.5574330E+07  0.0000000E+00   6910.044    
         366        2000  basin   2.5644936E+07  0.0000000E+00   6910.044    
         366        2000  basin   2.5715544E+07  0.0000000E+00   6910.044    
         366        2000  basin   2.5786152E+07  0.0000000E+00   6910.044    
         366        2000  basin   2.5856760E+07  0.0000000E+00   6910.044    
         365        2001  basin   2.5930112E+07  0.0000000E+00   7569.572    
         365        2001  basin   2.5999700E+07  0.0000000E+00   7569.572    
         365        2001  basin   2.6069288E+07  0.0000000E+00   7569.572    
         365        2001  basin   2.6138874E+07  0.0000000E+00   7569.572    
         365        2001  basin   2.6208464E+07  0.0000000E+00   7569.572    
         365        2001  basin   2.6278052E+07  0.0000000E+00   7569.572    
         365        2001  basin   2.6347640E+07  0.0000000E+00   7569.572    
         365        2001  basin   2.6417230E+07  0.0000000E+00   7569.572    
         365        2001  basin   2.6486816E+07  0.0000000E+00   7569.572    
         365        2001  basin   2.6556404E+07  0.0000000E+00   7569.572    
         365        2001  basin   2.6625992E+07  0.0000000E+00   7569.572    
         365        2001  basin   2.6695580E+07  0.0000000E+00   7569.572    
         365        2002  basin   2.6767750E+07  0.0000000E+00   4238.960    
         365        2002  basin   2.6835692E+07  0.0000000E+00   4238.960    
         365        2002  basin   2.6903630E+07  0.0000000E+00   4238.960    
         365        2002  basin   2.6971572E+07  0.0000000E+00   4238.960    
         365        2002  basin   2.7039510E+07  0.0000000E+00   4238.960    
         365        2002  basin   2.7107452E+07  0.0000000E+00   4238.960    
         365        2002  basin   2.7175390E+07  0.0000000E+00   4238.960    
         365        2002  basin   2.7243332E+07  0.0000000E+00   4238.960    
         365        2002  basin   2.7311270E+07  0.0000000E+00   4238.960    
         365        2002  basin   2.7379212E+07  0.0000000E+00   4238.960    
         365        2002  basin   2.7447150E+07  0.0000000E+00   4238.960    
         365        2002  basin   2.7515092E+07  0.0000000E+00   4238.960    
         365        2003  basin   2.7584702E+07  0.0000000E+00   7326.754    
         365        2003  basin   2.7651802E+07  0.0000000E+00   7326.754    
         365        2003  basin   2.7718904E+07  0.0000000E+00   7326.754    
         365        2003  basin   2.7786006E+07  0.0000000E+00   7326.754    
         365        2003  basin   2.7853108E+07  0.0000000E+00   7326.754    
         365        2003  basin   2.7920210E+07  0.0000000E+00   7326.754    
         365        2003  basin   2.7987314E+07  0.0000000E+00   7326.754    
         365        2003  basin   2.8054414E+07  0.0000000E+00   7326.754    
         365        2003  basin   2.8121516E+07  0.0000000E+00   7326.754    
         365        2003  basin   2.8188620E+07  0.0000000E+00   7326.754    
         365        2003  basin   2.8255722E+07  0.0000000E+00   7326.754    
         365        2003  basin   2.8322822E+07  0.0000000E+00   7326.754    
         366        2004  basin   2.8395524E+07  0.0000000E+00   6035.700    
         366        2004  basin   2.8461730E+07  0.0000000E+00   6035.700    
         366        2004  basin   2.8527934E+07  0.0000000E+00   6035.700    
         366        2004  basin   2.8594142E+07  0.0000000E+00   6035.700    
         366        2004  basin   2.8660346E+07  0.0000000E+00   6035.700    
         366        2004  basin   2.8726552E+07  0.0000000E+00   6035.700    
         366        2004  basin   2.8792764E+07  0.0000000E+00   6035.700    
         366        2004  basin   2.8858966E+07  0.0000000E+00   6035.700    
         366        2004  basin   2.8925170E+07  0.0000000E+00   6035.700    
         366        2004  basin   2.8991378E+07  0.0000000E+00   6035.700    
         366        2004  basin   2.9057582E+07  0.0000000E+00   6035.700    
         366        2004  basin   2.9123790E+07  0.0000000E+00   6035.700    
         365        2005  basin   2.9193580E+07  0.0000000E+00   6032.155    
         365        2005  basin   2.9259168E+07  0.0000000E+00   6032.155    
         365        2005  basin   2.9324760E+07  0.0000000E+00   6032.155    
         365        2005  basin   2.9390348E+07  0.0000000E+00   6032.155    
         365        2005  basin   2.9455940E+07  0.0000000E+00   6032.155    
         365        2005  basin   2.9521528E+07  0.0000000E+00   6032.155    
         365        2005  basin   2.9587120E+07  0.0000000E+00   6032.155    
         365        2005  basin   2.9652708E+07  0.0000000E+00   6032.155    
         365        2005  basin   2.9718300E+07  0.0000000E+00   6032.155    
         365        2005  basin   2.9783888E+07  0.0000000E+00   6032.155    
         365        2005  basin   2.9849480E+07  0.0000000E+00   6032.155    
         365        2005  basin   2.9915068E+07  0.0000000E+00   6032.155    
         365        2006  basin   2.9985150E+07  0.0000000E+00   4621.277    
         365        2006  basin   3.0050010E+07  0.0000000E+00   4621.277    
         365        2006  basin   3.0114868E+07  0.0000000E+00   4621.277    
         365        2006  basin   3.0179724E+07  0.0000000E+00   4621.277    
         365        2006  basin   3.0244584E+07  0.0000000E+00   4621.277    
         365        2006  basin   3.0309442E+07  0.0000000E+00   4621.277    
         365        2006  basin   3.0374300E+07  0.0000000E+00   4621.277    
         365        2006  basin   3.0439156E+07  0.0000000E+00   4621.277    
         365        2006  basin   3.0504014E+07  0.0000000E+00   4621.277    
         365        2006  basin   3.0568874E+07  0.0000000E+00   4621.277    
         365        2006  basin   3.0633730E+07  0.0000000E+00   4621.277    
         365        2006  basin   3.0698590E+07  0.0000000E+00   4621.277    
         365        2007  basin   3.0766858E+07  0.0000000E+00   4168.762    
         365        2007  basin   3.0830394E+07  0.0000000E+00   4168.762    
         365        2007  basin   3.0893928E+07  0.0000000E+00   4168.762    
         365        2007  basin   3.0957460E+07  0.0000000E+00   4168.762    
         365        2007  basin   3.1020994E+07  0.0000000E+00   4168.762    
         365        2007  basin   3.1084530E+07  0.0000000E+00   4168.762    
         365        2007  basin   3.1148062E+07  0.0000000E+00   4168.762    
         365        2007  basin   3.1211596E+07  0.0000000E+00   4168.762    
         365        2007  basin   3.1275132E+07  0.0000000E+00   4168.762    
         365        2007  basin   3.1338666E+07  0.0000000E+00   4168.762    
         365        2007  basin   3.1402198E+07  0.0000000E+00   4168.762    
         365        2007  basin   3.1465734E+07  0.0000000E+00   4168.762    
         366        2008  basin   3.1530812E+07  0.0000000E+00   5963.114    
         366        2008  basin   3.1593204E+07  0.0000000E+00   5963.114    
         366        2008  basin   3.1655600E+07  0.0000000E+00   5963.114    
         366        2008  basin   3.1717992E+07  0.0000000E+00   5963.114    
         366        2008  basin   3.1780386E+07  0.0000000E+00   5963.114    
         366        2008  basin   3.1842782E+07  0.0000000E+00   5963.114    
         366        2008  basin   3.1905174E+07  0.0000000E+00   5963.114    
         366        2008  basin   3.1967568E+07  0.0000000E+00   5963.114    
         366        2008  basin   3.2029964E+07  0.0000000E+00   5963.114    
         366        2008  basin   3.2092356E+07  0.0000000E+00   5963.114    
         366        2008  basin   3.2154752E+07  0.0000000E+00   5963.114    
         366        2008  basin   3.2217144E+07  0.0000000E+00   5963.114    
         365        2009  basin   3.2283910E+07  0.0000000E+00   4427.002    
         365        2009  basin   3.2345630E+07  0.0000000E+00   4427.002    
         365        2009  basin   3.2407354E+07  0.0000000E+00   4427.002    
         365        2009  basin   3.2469078E+07  0.0000000E+00   4427.002    
         365        2009  basin   3.2530800E+07  0.0000000E+00   4427.002    
         365        2009  basin   3.2592522E+07  0.0000000E+00   4427.002    
         365        2009  basin   3.2654244E+07  0.0000000E+00   4427.002    
         365        2009  basin   3.2715966E+07  0.0000000E+00   4427.002    
         365        2009  basin   3.2777688E+07  0.0000000E+00   4427.002    
         365        2009  basin   3.2839408E+07  0.0000000E+00   4427.002    
         365        2009  basin   3.2901130E+07  0.0000000E+00   4427.002    
         365        2009  basin   3.2962850E+07  0.0000000E+00   4427.002    
         365        2010  basin   3.3027002E+07  0.0000000E+00   5131.484    
         365        2010  basin   3.3087666E+07  0.0000000E+00   5131.484    
         365        2010  basin   3.3148332E+07  0.0000000E+00   5131.484    
         365        2010  basin   3.3209002E+07  0.0000000E+00   5131.484    
         365        2010  basin   3.3269666E+07  0.0000000E+00   5131.484    
         365        2010  basin   3.3330332E+07  0.0000000E+00   5131.484    
         365        2010  basin   3.3391000E+07  0.0000000E+00   5131.484    
         365        2010  basin   3.3451666E+07  0.0000000E+00   5131.484    
         365        2010  basin   3.3512328E+07  0.0000000E+00   5131.484    
         365        2010  basin   3.3572996E+07  0.0000000E+00   5131.484    
         365        2010  basin   3.3633664E+07  0.0000000E+00   5131.484    
         365        2010  basin   3.3694328E+07  0.0000000E+00   5131.484    
         365        2011  basin   3.3758980E+07  0.0000000E+00   4168.660    
         365        2011  basin   3.3819264E+07  0.0000000E+00   4168.660    
         365        2011  basin   3.3879548E+07  0.0000000E+00   4168.660    
         365        2011  basin   3.3939828E+07  0.0000000E+00   4168.660    
         365        2011  basin   3.4000120E+07  0.0000000E+00   4168.660    
         365        2011  basin   3.4060400E+07  0.0000000E+00   4168.660    
         365        2011  basin   3.4120684E+07  0.0000000E+00   4168.660    
         365        2011  basin   3.4180968E+07  0.0000000E+00   4168.660    
         365        2011  basin   3.4241252E+07  0.0000000E+00   4168.660    
         365        2011  basin   3.4301540E+07  0.0000000E+00   4168.660    
         365        2011  basin   3.4361820E+07  0.0000000E+00   4168.660    
         365        2011  basin   3.4422112E+07  0.0000000E+00   4168.660    
         366        2012  basin   3.4485684E+07  0.0000000E+00   3507.561    
         366        2012  basin   3.4545648E+07  0.0000000E+00   3507.561    
         366        2012  basin   3.4605620E+07  0.0000000E+00   3507.561    
         366        2012  basin   3.4665584E+07  0.0000000E+00   3507.561    
         366        2012  basin   3.4725552E+07  0.0000000E+00   3507.561    
         366        2012  basin   3.4785524E+07  0.0000000E+00   3507.561    
         366        2012  basin   3.4845488E+07  0.0000000E+00   3507.561    
         366        2012  basin   3.4905460E+07  0.0000000E+00   3507.561    
         366        2012  basin   3.4965424E+07  0.0000000E+00   3507.561    
         366        2012  basin   3.5025392E+07  0.0000000E+00   3507.561    
         366        2012  basin   3.5085364E+07  0.0000000E+00   3507.561    
         366        2012  basin   3.5145328E+07  0.0000000E+00   3507.561    
         365        2013  basin   3.5206604E+07  0.0000000E+00   5052.278    
         365        2013  basin   3.5265876E+07  0.0000000E+00   5052.278    
         365        2013  basin   3.5325144E+07  0.0000000E+00   5052.278    
         365        2013  basin   3.5384412E+07  0.0000000E+00   5052.278    
         365        2013  basin   3.5443676E+07  0.0000000E+00   5052.278    
         365        2013  basin   3.5502944E+07  0.0000000E+00   5052.278    
         365        2013  basin   3.5562216E+07  0.0000000E+00   5052.278    
         365        2013  basin   3.5621484E+07  0.0000000E+00   5052.278    
         365        2013  basin   3.5680752E+07  0.0000000E+00   5052.278    
         365        2013  basin   3.5740020E+07  0.0000000E+00   5052.278    
         365        2013  basin   3.5799288E+07  0.0000000E+00   5052.278    
         365        2013  basin   3.5858556E+07  0.0000000E+00   5052.278    
         365        2014  basin   3.5921376E+07  0.0000000E+00   3707.631    
         365        2014  basin   3.5979792E+07  0.0000000E+00   3707.631    
         365        2014  basin   3.6038200E+07  0.0000000E+00   3707.631    
         365        2014  basin   3.6096612E+07  0.0000000E+00   3707.631    
         365        2014  basin   3.6155024E+07  0.0000000E+00   3707.631    
         365        2014  basin   3.6213432E+07  0.0000000E+00   3707.631    
         365        2014  basin   3.6271848E+07  0.0000000E+00   3707.631    
         365        2014  basin   3.6330260E+07  0.0000000E+00   3707.631    
         365        2014  basin   3.6388672E+07  0.0000000E+00   3707.631    
         365        2014  basin   3.6447088E+07  0.0000000E+00   3707.631    
         365        2014  basin   3.6505496E+07  0.0000000E+00   3707.631    
         365        2014  basin   3.6563908E+07  0.0000000E+00   3707.631    
         365        2015  basin   3.6624388E+07  0.0000000E+00   3767.784    
         365        2015  basin   3.6682064E+07  0.0000000E+00   3767.784    
         365        2015  basin   3.6739736E+07  0.0000000E+00   3767.784    
         365        2015  basin   3.6797404E+07  0.0000000E+00   3767.784    
         365        2015  basin   3.6855080E+07  0.0000000E+00   3767.784    
         365        2015  basin   3.6912748E+07  0.0000000E+00   3767.784    
         365        2015  basin   3.6970420E+07  0.0000000E+00   3767.784    
         365        2015  basin   3.7028092E+07  0.0000000E+00   3767.784    
         365        2015  basin   3.7085760E+07  0.0000000E+00   3767.784    
         365        2015  basin   3.7143436E+07  0.0000000E+00   3767.784    
         365        2015  basin   3.7201108E+07  0.0000000E+00   3767.784    
         365        2015  basin   3.7258784E+07  0.0000000E+00   3767.784    
         366        2016  basin   3.7319064E+07  0.0000000E+00   3007.856    
         366        2016  basin   3.7375732E+07  0.0000000E+00   3007.856    
         366        2016  basin   3.7432408E+07  0.0000000E+00   3007.856    
         366        2016  basin   3.7489072E+07  0.0000000E+00   3007.856    
         366        2016  basin   3.7545748E+07  0.0000000E+00   3007.856    
         366        2016  basin   3.7602424E+07  0.0000000E+00   3007.856    
         366        2016  basin   3.7659092E+07  0.0000000E+00   3007.856    
         366        2016  basin   3.7715768E+07  0.0000000E+00   3007.856    
         366        2016  basin   3.7772432E+07  0.0000000E+00   3007.856    
         366        2016  basin   3.7829108E+07  0.0000000E+00   3007.856    
         366        2016  basin   3.7885784E+07  0.0000000E+00   3007.856    
         366        2016  basin   3.7942452E+07  0.0000000E+00   3007.856    
         365        2017  basin   3.8001252E+07  0.0000000E+00   2515.319    
         365        2017  basin   3.8057100E+07  0.0000000E+00   2515.319    
         365        2017  basin   3.8112956E+07  0.0000000E+00   2515.319    
         365        2017  basin   3.8168804E+07  0.0000000E+00   2515.319    
         365        2017  basin   3.8224656E+07  0.0000000E+00   2515.319    
         365        2017  basin   3.8280508E+07  0.0000000E+00   2515.319    
         365        2017  basin   3.8336364E+07  0.0000000E+00   2515.319    
         365        2017  basin   3.8392216E+07  0.0000000E+00   2515.319    
         365        2017  basin   3.8448064E+07  0.0000000E+00   2515.319    
         365        2017  basin   3.8503916E+07  0.0000000E+00   2515.319    
         365        2017  basin   3.8559768E+07  0.0000000E+00   2515.319    
         365        2017  basin   3.8615616E+07  0.0000000E+00   2515.319    
         365        2018  basin   3.8673572E+07  0.0000000E+00   2738.783    
         365        2018  basin   3.8728668E+07  0.0000000E+00   2738.783    
         365        2018  basin   3.8783768E+07  0.0000000E+00   2738.783    
         365        2018  basin   3.8838860E+07  0.0000000E+00   2738.783    
         365        2018  basin   3.8893952E+07  0.0000000E+00   2738.783    
         365        2018  basin   3.8949056E+07  0.0000000E+00   2738.783    
         365        2018  basin   3.9004144E+07  0.0000000E+00   2738.783    
         365        2018  basin   3.9059244E+07  0.0000000E+00   2738.783    
         365        2018  basin   3.9114340E+07  0.0000000E+00   2738.783    
         365        2018  basin   3.9169432E+07  0.0000000E+00   2738.783    
         365        2018  basin   3.9224532E+07  0.0000000E+00   2738.783    
         365        2018  basin   3.9279628E+07  0.0000000E+00   2738.783    
         365        2019  basin   3.9335656E+07  0.0000000E+00   3557.860    
         365        2019  basin   3.9389904E+07  0.0000000E+00   3557.860    
         365        2019  basin   3.9444152E+07  0.0000000E+00   3557.860    
         365        2019  basin   3.9498400E+07  0.0000000E+00   3557.860    
         365        2019  basin   3.9552648E+07  0.0000000E+00   3557.860    
         365        2019  basin   3.9606892E+07  0.0000000E+00   3557.860    
         365        2019  basin   3.9661148E+07  0.0000000E+00   3557.860    
         365        2019  basin   3.9715396E+07  0.0000000E+00   3557.860    
         365        2019  basin   3.9769644E+07  0.0000000E+00   3557.860    
         365        2019  basin   3.9823892E+07  0.0000000E+00   3557.860    
         365        2019  basin   3.9878136E+07  0.0000000E+00   3557.860    
         365        2019  basin   3.9932384E+07  0.0000000E+00   3557.860    
         366        2020  basin   3.9989284E+07  0.0000000E+00   2886.459    
         366        2020  basin   4.0043040E+07  0.0000000E+00   2886.459    
         366        2020  basin   4.0096784E+07  0.0000000E+00   2886.459    
         366        2020  basin   4.0150540E+07  0.0000000E+00   2886.459    
         366        2020  basin   4.0204288E+07  0.0000000E+00   2886.459    
         366        2020  basin   4.0258040E+07  0.0000000E+00   2886.459    
         366        2020  basin   4.0311796E+07  0.0000000E+00   2886.459    
         366        2020  basin   4.0365548E+07  0.0000000E+00   2886.459    
         366        2020  basin   4.0419300E+07  0.0000000E+00   2886.459    
         366        2020  basin   4.0473052E+07  0.0000000E+00   2886.459    
         366        2020  basin   4.0526804E+07  0.0000000E+00   2886.459    
         366        2020  basin   4.0580556E+07  0.0000000E+00   2886.459    
