 demo                      SWAT+ 2024-08-27        MODULAR Rev 2024.61.0.1-33-g68b1328                    
        jday        mon        day         yr            unit              gis_id     name                  npp_c         harv_c         drop_c      grazeat_c         emit_c
                                                                                                          kg C/ha        kg C/ha        kg C/ha        kg C/ha        kg C/ha
         366          12          31        2020           1                     1 hru0001           2.4075440E+07   8522247.       9857257.      0.0000000E+00  0.0000000E+00
         366          12          31        2020           2                     1 hru0002           1.7025862E+07   5965610.       7066927.      0.0000000E+00  0.0000000E+00
         366          12          31        2020           3                     1 hru0003           3.9254884E+07  1.4079795E+07  1.5706638E+07  0.0000000E+00  0.0000000E+00
         366          12          31        2020           4                     1 hru0004           3.9281264E+07  1.4091251E+07  1.5714177E+07  0.0000000E+00  0.0000000E+00
         366          12          31        2020           5                     1 hru0005           4.0358148E+07  1.4500802E+07  1.6098330E+07  0.0000000E+00  0.0000000E+00
         366          12          31        2020           6                     1 hru0006           4.0435912E+07  1.4532559E+07  1.6122991E+07  0.0000000E+00  0.0000000E+00
         366          12          31        2020           7                     1 hru0007           2.3801816E+07   8419729.       9754500.      0.0000000E+00  0.0000000E+00
         366          12          31        2020           8                     1 hru0008           1.1935049E+07   4142703.       5011484.      0.0000000E+00  0.0000000E+00
         366          12          31        2020           9                     1 hru0009           4.0710380E+07  1.4638020E+07  1.6218895E+07  0.0000000E+00  0.0000000E+00
         366          12          31        2020          10                     1 hru0010           4.0125168E+07  1.4431500E+07  1.5992073E+07  0.0000000E+00  0.0000000E+00
         366          12          31        2020          11                     1 hru0011           4.2062240E+07  1.5184523E+07  1.6657834E+07  0.0000000E+00  0.0000000E+00
         366          12          31        2020          12                     1 hru0012           4.0619084E+07  1.4625486E+07  1.6159298E+07  0.0000000E+00  0.0000000E+00
