 demo                      SWAT+ 2024-08-27        MODULAR Rev 2024.61.0.1-33-g68b1328                    
        jday        mon        day         yr            unit              gis_id     name                  sed_c         surq_c       surq_doc       surq_dic         latq_c       latq_doc       latq_dic         perc_c       perc_doc       perc_dic      res_decay      man_app_c    man_graze_c          rsp_c         emit_c
                                                                                                          kg C/ha        kg C/ha        kg C/ha        kg C/ha        kg C/ha        kg C/ha        kg C/ha        kg C/ha        kg C/ha        kg C/ha        kg C/ha        kg C/ha        kg C/ha        kg C/ha        kg C/ha
         366          12          31        2020           1                     1 hru0001            60.71427       298.6324      0.0000000E+00  0.0000000E+00   10.21604      0.0000000E+00  0.0000000E+00  0.0000000E+00  0.0000000E+00  0.0000000E+00  0.0000000E+00  0.0000000E+00  0.0000000E+00   1882354.      0.0000000E+00
         366          12          31        2020           2                     1 hru0002            47.97260       145.8230      0.0000000E+00  0.0000000E+00   41.20925      0.0000000E+00  0.0000000E+00  0.0000000E+00  0.0000000E+00  0.0000000E+00  0.0000000E+00  0.0000000E+00  0.0000000E+00   1293685.      0.0000000E+00
         366          12          31        2020           3                     1 hru0003            53.02212       530.1249      0.0000000E+00  0.0000000E+00   16.70054      0.0000000E+00  0.0000000E+00  0.0000000E+00  0.0000000E+00  0.0000000E+00  0.0000000E+00  0.0000000E+00  0.0000000E+00   4070722.      0.0000000E+00
         366          12          31        2020           4                     1 hru0004            52.78943       510.0470      0.0000000E+00  0.0000000E+00   11.80006      0.0000000E+00  0.0000000E+00  0.0000000E+00  0.0000000E+00  0.0000000E+00  0.0000000E+00  0.0000000E+00  0.0000000E+00   4141679.      0.0000000E+00
         366          12          31        2020           5                     1 hru0005            57.20634       605.8766      0.0000000E+00  0.0000000E+00   17.26091      0.0000000E+00  0.0000000E+00  0.0000000E+00  0.0000000E+00  0.0000000E+00  0.0000000E+00  0.0000000E+00  0.0000000E+00   4762567.      0.0000000E+00
         366          12          31        2020           6                     1 hru0006            81.75985       603.1899      0.0000000E+00  0.0000000E+00   15.39275      0.0000000E+00  0.0000000E+00  0.0000000E+00  0.0000000E+00  0.0000000E+00  0.0000000E+00  0.0000000E+00  0.0000000E+00   4813682.      0.0000000E+00
         366          12          31        2020           7                     1 hru0007            89.51644       289.2402      0.0000000E+00  0.0000000E+00   8.876892      0.0000000E+00  0.0000000E+00  0.0000000E+00  0.0000000E+00  0.0000000E+00  0.0000000E+00  0.0000000E+00  0.0000000E+00   1877215.      0.0000000E+00
         366          12          31        2020           8                     1 hru0008            103.8469       115.4947      0.0000000E+00  0.0000000E+00   11.99547      0.0000000E+00  0.0000000E+00  0.0000000E+00  0.0000000E+00  0.0000000E+00  0.0000000E+00  0.0000000E+00  0.0000000E+00   895484.2      0.0000000E+00
         366          12          31        2020           9                     1 hru0009            81.23252       638.1955      0.0000000E+00  0.0000000E+00   20.96938      0.0000000E+00  0.0000000E+00  0.0000000E+00  0.0000000E+00  0.0000000E+00  0.0000000E+00  0.0000000E+00  0.0000000E+00   4961405.      0.0000000E+00
         366          12          31        2020          10                     1 hru0010            70.35224       488.2630      0.0000000E+00  0.0000000E+00   14.71878      0.0000000E+00  0.0000000E+00  0.0000000E+00  0.0000000E+00  0.0000000E+00  0.0000000E+00  0.0000000E+00  0.0000000E+00   4449960.      0.0000000E+00
         366          12          31        2020          11                     1 hru0011            58.05412       610.0806      0.0000000E+00  0.0000000E+00   41.81540      0.0000000E+00  0.0000000E+00   2.097027      0.0000000E+00  0.0000000E+00  0.0000000E+00  0.0000000E+00  0.0000000E+00   5616595.      0.0000000E+00
         366          12          31        2020          12                     1 hru0012            66.99136       533.2300      0.0000000E+00  0.0000000E+00   23.72046      0.0000000E+00  0.0000000E+00  0.0000000E+00  0.0000000E+00  0.0000000E+00  0.0000000E+00  0.0000000E+00  0.0000000E+00   4679408.      0.0000000E+00
